0.56492
0.56492
0.57862
0.57862
0.5907
0.59548
0.59548
0.60513
0.62513
0.6263
0.6263
0.6263
0.6263
0.6263
0.6263
0.6263
0.63292
0.63292
0.64775
0.64775
0.64775
0.65461
0.65461
0.65602
0.65602
0.65602
0.65602
0.65602
0.65602
0.65602
0.65602
0.6707
0.6781
0.68789
0.68789
0.68789
0.68789
0.68947
0.69676
0.69676
0.69676
0.69676
0.69676
0.71795
0.72662
0.73455
0.73455
0.74921
0.75828
0.75828
0.75828
0.77544
0.78131
0.79008
0.80044
0.80228
0.80228
0.80228
0.80582
0.80582
0.82052
0.83271
0.83271
0.84171
0.85199
0.85906
0.87074
0.87816
0.88218
0.88696
0.89375
0.89659
0.89763
0.90344
0.90531
0.9122
0.91611
0.92214
0.92534
0.93104
0.93643
0.93972
0.94118
0.94254
0.9441
0.94532
0.94675
0.94809
0.9486
0.94891
0.94913
0.94926
0.95511
0.95891
0.9619
0.96424
0.96621
0.9683
0.97131
0.97312
0.97536
0.97727
0.97884
0.98054
0.98221
0.98338
0.98416
0.98577
0.98626
0.98782
0.9889
0.9898
0.99094
0.99197
0.9923
0.99311
0.99348
0.99421
0.99487
0.99533
0.99562
0.99587
0.99623
0.99651
0.99686
0.99717
0.99717
0.99717
0.99717
0.99717
0.99717
0.99717
0.99717
0.99717
0.99717
0.99717
0.99717
0.99717
0.99717
0.99717
0.99717
0.99717
0.99717
0.99717
0.99717
0.99717
0.99717
0.99717
0.99717
0.99717
0.99717
0.99717
0.99717
0.99717
0.99717
0.99717
0.99717
0.99717
0.99717
0.99717
0.99717
0.99717
0.99717
0.99717
0.99717
0.99717
0
0
0
0
0
0
0
0
0
0
0
0
0
0
0
0
0
0
0
0
0
0
0
0
0
0
0
0
0
0
0
0
0
0
0
0
0
0
0
0
0
0
0
0
0
0
0
0
0
0
0
0
0
0
0
0
0
0
0
0
0
0
0
0
0
0
0
0
0
0
0
0
0
0
0
0
0
0
0
0
0
0
0
0
0
0
0
0
0
0
0
0
0
0
0
0
0
0
0
0
0
0
0
0
0
0
0
0
0
0
0
0
0
0
0
0
0
0
0
0
0
0
0.00046
0.00214
0.00226
0.00322
0.00322
0.00322
0.00322
0.00322
0.00322
0.00322
0.00322
0.00621
0.00943
0.0129
0.0157
0.0205
0.02477
0.02914
0.03118
0.03765
0.04502
0.05174
0.05274
0.05848
0.06254
0.07165
0.07165
0.07882
0.09122
0.09122
0.10069
0.10321
0.11069
0.12146
0.13112
0.13883
0.15432
0.15932
0.1717
0.1849
0.19587
0.21974
0.21974
0.2405
0.26321
0.28385
0.29583
0.29583
0.29583
0.29865
0.31275
0.31275
0.32574
0.33265
0.33265
0.33747
0.33818
0.34338
0.34338
0.34338
0.35337
0.36689
0.36689
0.38161
0.39999
0.41432
0.41432
0.43354
0.43799
0.44801
0.44801
0.464
0.46902
0.46902
0.46902
0.47757
0.48061
0.56492
0.56492
0.57862
0.57862
0.5907
0.59548
0.59548
0.60513
0.62513
0.6263
0.6263
0.6263
0.6263
0.6263
0.6263
0.6263
0.63292
0.63292
0.64775
0.64775
0.64775
0.65461
0.65461
0.65602
0.65602
0.65602
0.65602
0.65602
0.65602
0.65602
0.65602
0.6707
0.6781
0.68789
0.68789
0.68789
0.68789
0.68947
0.69676
0.69676
0.69676
0.69676
0.69676
0.71795
0.72662
0.73455
0.73455
0.74921
0.75828
0.75828
0.75828
0.77544
0.78131
0.79008
0.80044
0.80228
0.80228
0.80228
0.80582
0.80582
0.82052
0.83271
0.83271
0.84171
0.85199
0.85906
0.87074
0.87816
0.88218
0.88696
0.89375
0.89659
0.89763
0.90344
0.90531
0.9122
0.91611
0.92214
0.92534
0.93104
0.93643
0.93972
0.94118
0.94254
0.9441
0.94532
0.94675
0.94809
0.9486
0.94891
0.94913
0.94926
0.95511
0.95891
0.9619
0.96424
0.96621
0.9683
0.97131
0.97312
0.97536
0.97727
0.97884
0.98054
0.98221
0.98338
0.98416
0.98577
0.98626
0.98782
0.9889
0.9898
0.99094
0.99197
0.9923
0.99311
0.99348
0.99421
0.99487
0.99533
0.99562
0.99587
0.99623
0.99651
0.99686
0.99717
0.99717
0.99717
0.99717
0.99717
0.99717
0.99717
0.99717
0.99717
0.99717
0.99717
0.99717
0.99717
0.99717
0.99717
0.99717
0.99717
0.99717
0.99717
0.99717
0.99717
0.99717
0.99717
0.99717
0.99717
0.99717
0.99717
0.99717
0.99717
0.99717
0.99717
0.99717
0.99717
0.99717
0.99717
0.99717
0.99717
0.99717
0.99717
0.99717
0.99717
0
0
0
0
0
0
0
0
0
0
0
0
0
0
0
0
0
0
0
0
0
0
0
0
0
0
0
0
0
0
0
0
0
0
0
0
0
0
0
0
0
0
0
0
0
0
0
0
0
0
0
0
0
0
0
0
0
0
0
0
0
0
0
0
0
0
0
0
0
0
0
0
0
0
0
0
0
0
0
0
0
0
0
0
0
0
0
0
0
0
0
0
0
0
0
0
0
0
0
0
0
0
0
0
0
0
0
0
0
0
0
0
0
0
0
0
0
0
0
0
0
0
0.00046
0.00214
0.00226
0.00322
0.00322
0.00322
0.00322
0.00322
0.00322
0.00322
0.00322
0.00621
0.00943
0.0129
0.0157
0.0205
0.02477
0.02914
0.03118
0.03765
0.04502
0.05174
0.05274
0.05848
0.06254
0.07165
0.07165
0.07882
0.09122
0.09122
0.10069
0.10321
0.11069
0.12146
0.13112
0.13883
0.15432
0.15932
0.1717
0.1849
0.19587
0.21974
0.21974
0.2405
0.26321
0.28385
0.29583
0.29583
0.29583
0.29865
0.31275
0.31275
0.32574
0.33265
0.33265
0.33747
0.33818
0.34338
0.34338
0.34338
0.35337
0.36689
0.36689
0.38161
0.39999
0.41432
0.41432
0.43354
0.43799
0.44801
0.44801
0.464
0.46902
0.46902
0.46902
0.47757
0.48061
0.56492
0.56492
0.57862
0.57862
0.5907
0.59548
0.59548
0.60513
0.62513
0.6263
0.6263
0.6263
0.6263
0.6263
0.6263
0.6263
0.63292
0.63292
0.64775
0.64775
0.64775
0.65461
0.65461
0.65602
0.65602
0.65602
0.65602
0.65602
0.65602
0.65602
0.65602
0.6707
0.6781
0.68789
0.68789
0.68789
0.68789
0.68947
0.69676
0.69676
0.69676
0.69676
0.69676
0.71795
0.72662
0.73455
0.73455
0.74921
0.75828
0.75828
0.75828
0.77544
0.78131
0.79008
0.80044
0.80228
0.80228
0.80228
0.80582
0.80582
0.82052
0.83271
0.83271
0.84171
0.85199
0.85906
0.87074
0.87816
0.88218
0.88696
0.89375
0.89659
0.89763
0.90344
0.90531
0.9122
0.91611
0.92214
0.92534
0.93104
0.93643
0.93972
0.94118
0.94254
0.9441
0.94532
0.94675
0.94809
0.9486
0.94891
0.94913
0.94926
0.95511
0.95891
0.9619
0.96424
0.96621
0.9683
0.97131
0.97312
0.97536
0.97727
0.97884
0.98054
0.98221
0.98338
0.98416
0.98577
0.98626
0.98782
0.9889
0.9898
0.99094
0.99197
0.9923
0.99311
0.99348
0.99421
0.99487
0.99533
0.99562
0.99587
0.99623
0.99651
0.99686
0.99717
0.99717
0.99717
0.99717
0.99717
0.99717
0.99717
0.99717
0.99717
0.99717
0.99717
0.99717
0.99717
0.99717
0.99717
0.99717
0.99717
0.99717
0.99717
0.99717
0.99717
0.99717
0.99717
0.99717
0.99717
0.99717
0.99717
0.99717
0.99717
0.99717
0.99717
0.99717
0.99717
0.99717
0.99717
0.99717
0.99717
0.99717
0.99717
0.99717
0.99717
0
0
0
0
0
0
0
0
0
0
0
0
0
0
0
0
0
0
0
0
0
0
0
0
0
0
0
0
0
0
0
0
0
0
0
0
0
0
0
0
0
0
0
0
0
0
0
0
0
0
0
0
0
0
0
0
0
0
0
0
0
0
0
0
0
0
0
0
0
0
0
0
0
0
0
0
0
0
0
0
0
0
0
0
0
0
0
0
0
0
0
0
0
0
0
0
0
0
0
0
0
0
0
0
0
0
0
0
0
0
0
0
0
0
0
0
0
0
0
0
0
0
0.00046
0.00214
0.00226
0.00322
0.00322
0.00322
0.00322
0.00322
0.00322
0.00322
0.00322
0.00621
0.00943
0.0129
0.0157
0.0205
0.02477
0.02914
0.03118
0.03765
0.04502
0.05174
0.05274
0.05848
0.06254
0.07165
0.07165
0.07882
0.09122
0.09122
0.10069
0.10321
0.11069
0.12146
0.13112
0.13883
0.15432
0.15932
0.1717
0.1849
0.19587
0.21974
0.21974
0.2405
0.26321
0.28385
0.29583
0.29583
0.29583
0.29865
0.31275
0.31275
0.32574
0.33265
0.33265
0.33747
0.33818
0.34338
0.34338
0.34338
0.35337
0.36689
0.36689
0.38161
0.39999
0.41432
0.41432
0.43354
0.43799
0.44801
0.44801
0.464
0.46902
0.46902
0.46902
0.47757
0.48061
