1.19
1.18
1.18
1.18
1.18
1.18
1.18
1.18
1.18
1.17
1.17
1.17
1.17
1.17
1.17
1.17
1.17
1.17
1.17
1.17
1.17
1.17
1.17
1.17
1.17
1.17
1.17
1.17
1.17
1.16
1.16
1.16
1.16
1.16
1.16
1.16
1.16
1.16
1.16
1.16
1.16
1.16
1.16
1.16
1.16
1.16
1.16
1.16
1.16
1.16
1.16
1.15
1.15
1.15
1.15
1.15
1.15
1.15
1.15
1.15
1.14
1.14
1.14
1.14
1.14
1.14
1.13
1.13
1.13
1.13
1.12
1.12
1.12
1.12
1.11
1.11
1.11
1.11
1.11
1.11
1.11
1.11
1.11
1.11
1.11
1.11
1.11
1.11
1.11
1.11
1.11
1.11
1.11
1.11
1.11
1.1
1.1
1.1
1.1
1.1
1.1
1.1
1.1
1.1
1.09
1.09
1.09
1.09
1.09
1.09
1.09
1.09
1.09
1.09
1.09
1.09
1.09
1.09
1.09
1.09
1.09
1.09
1.08
1.08
1.08
1.08
1.08
1.08
1.08
1.08
1.08
1.08
1.08
1.08
1.08
1.08
1.08
1.08
1.08
1.07
1.07
1.07
1.07
1.07
1.07
1.07
1.07
1.07
1.07
1.07
1.07
1.07
1.07
1.06
1.06
1.06
1.06
1.06
1.06
1.06
1.06
1.06
1.06
1.06
1.06
1.06
1.04
1.04
1.04
1.04
1.04
1.04
1.04
1.04
1.04
1.04
1.04
1.04
1.04
1.04
1.04
1.04
1.04
1.04
1.04
1.04
1.04
1.04
1.04
1.04
1.04
1.04
1.04
1.04
1.04
1.04
1.04
1.04
1.04
1.04
1.04
1.04
1.3
1.3
1.3
1.3
1.3
1.3
1.3
1.3
1.3
1.3
1.3
1.3
1.27
1.26
1.24
1.24
1.24
1.24
1.24
1.24
1.24
1.23
1.23
1.23
1.22
1.22
1.22
1.22
1.22
1.22
1.22
1.22
1.21
1.21
1.21
1.21
1.21
1.21
1.21
1.21
1.21
1.21
1.19
1.16
1.16
1.16
1.16
1.16
1.16
1.16
1.16
1.16
1.15
1.15
1.15
1.15
1.14
1.14
1.14
1.14
1.14
1.14
1.26
1.26
1.26
1.26
1.26
1.24
1.22
1.07
1.07
1.07
1.07
1.07
1.07
1.07
1.07
1.07
1.07
1.07
1.07
1.07
1.07
1.06
1.06
1.06
1.06
1.06
1.06
1.06
1.06
1.06
1.06
1.06
1.06
1.05
1.05
1.05
1.05
1.05
1.05
1.05
1.05
1.05
1.05
1.05
1.05
1.05
1.05
1.05
1.04
1.04
1.04
1.04
1.04
1.04
1.04
1.04
1.04
1.04
1.04
1.04
1.04
1.04
1.04
1.04
1.04
1.04
1.03
1.03
1.03
1.03
1.03
1.03
1.03
1.03
1.03
1.03
1.03
1.03
1.03
1.03
1.03
1.03
1.03
1.03
1.03
1.03
1.03
1.03
1.03
1.03
1.03
1.03
1.03
1.03
1.03
1.03
1.03
1.03
1.03
1.03
1.03
1.03
1.03
1.03
1.03
1.03
1.03
1.03
1.03
1.03
1.03
1.03
1.03
1.03
1.03
1.03
1.03
1.03
1.03
1.03
1.03
1.03
1.03
1.03
1.03
1.03
1.03
1.03
1.02
1.02
1.02
1.02
1.02
1.02
1.02
1.02
1.02
1.02
1.02
1.02
1.02
1.02
1.02
1.02
1.02
1.02
1.02
1.02
1.02
1.02
1.02
1.02
1.02
1.02
1.02
1.02
1.02
1.02
1.02
1.02
1.02
1.02
1.02
1.02
1.02
1.02
1.02
1.02
1.02
1.02
1.02
1.02
1.02
1.02
1.02
1.02
1.02
1.02
1.02
1.02
1.02
1.02
1.02
1.02
1.02
1.02
1.02
1.02
1.02
1.02
1.02
1.02
1.02
1.02
1.02
1.01
1
1
1
1
1
1
1
1
1
1
1
1
1
1
1
1
1
1
1
1
1
1
1
1
1
1
1
1
1
1
1
1
1
1
1
1
1
1
1
1
1
1
1
1
1
1
1
1
1
1
1
1
1
1
1
1
1
1
1
1
1
1
1
1
1
1
1
1
1
1
1
1
1
1
1
1
1
1
1
1
1
1
1
1
1
1
1
1
1
1
1
1
1
1
1
1
1
1
1
1
1
1
1
1
1
1
1
1.3
1.3
1.3
1.3
1.3
1.3
1.3
1.3
1.3
1.3
1.3
1.3
1.3
1.3
1.3
1.3
1.26
1.26
1.26
1.26
1.26
1.26
1.26
1.26
1.26
1.23
1.21
1.19
1.19
1.19
1.19
1.19
1.19
1.19
1.19
1.18
1.17
1.17
1.17
1.17
1.17
1.17
1.16
1.16
1.16
1.16
1.16
1.16
1.16
1.16
1.16
1.16
1.16
1.16
1.15
1.15
1.15
1.15
1.14
1.14
1.14
1.14
1.26
1.26
1.26
1.26
1.23
1.23
1.23
1.07
1.07
1.07
1.07
1.07
1.07
1.07
1.07
1.07
1.07
1.06
1.06
1.06
1.06
1.06
1.06
1.06
1.05
1.05
1.05
1.05
1.05
1.05
1.05
1.05
1.05
1.05
1.05
1.04
1.04
1.04
1.04
1.04
1.04
1.04
1.04
1.04
1.04
1.04
1.04
1.03
1.02
1.02
1.02
1.02
1.02
1.02
1.02
1.02
1.02
1.02
1.02
1.02
1.02
1.02
1.02
1.02
1.02
1.02
1.02
1.01
1.01
1.01
1.01
1.01
1.01
1.01
1.01
1.01
1.01
1.01
1.01
1.01
1.01
1.01
1.01
1.01
1.01
1.01
1.01
1.01
1.01
1.01
1.01
1.01
1.01
1.01
1.01
1.01
1.01
1.01
1.01
1.01
1.01
1.01
1.01
1.01
1.01
1.01
1.01
1.01
1.01
1.01
1.01
1.01
1.01
1.01
1.01
1.01
1.01
1.01
1.01
1.01
1.01
1.01
1.01
1.01
1.01
1.01
1.01
1.01
1.01
1.01
1.01
1.01
1.01
1.01
1.01
1.01
1.01
1.01
1.01
1.01
1.01
1.01
1.01
1.01
1.01
1.01
1.01
1.01
1.01
1.01
1.01
1.01
1.01
1.01
1.01
1.01
1.01
1.01
1.01
1.01
1.01
1.01
1.01
1.01
1
1
1
1
1
1
1
1
1
1
1
1
1
1
1
1
1
1
1
1
1
1
1
1
1
1
1
1
1
1
1
1
1
1
1
1
1
1
1
1
1
1
1
1
1
1
1
1
1
1
1
1
1
1
1
1
1
1
1
1
1
1
1
1
1
1
1
1
1
1
1
1
1
1
1
1
1
1
1
1
1
1
1
1
1
1
1
1
1
1
1
1
1
1
1
1
1
1
1
1
1
1
1
1
1
1
1
1
1
1
1
1
1
1
1
1
1
1
1
1
1
1
1
1
1
1
1
1
1
1
1
1
1
1
1
1
1
1
1
1.3
1.3
1.3
1.3
1.3
1.3
1.3
1.3
1.3
1.3
1.3
1.3
1.3
1.3
1.3
1.3
1.3
1.3
1.3
1.3
1.26
1.23
1.23
1.23
1.23
1.23
1.23
1.23
1.23
1.23
1.23
1.21
1.21
1.21
1.21
1.2
1.2
1.2
1.2
1.2
1.2
1.2
1.2
1.2
1.2
1.19
1.19
1.19
1.19
1.19
1.19
1.19
1.19
1.19
1.18
1.18
1.18
1.18
1.18
1.18
1.18
1.17
1.26
1.26
1.26
1.26
1.26
1.26
1.26
1.07
1.07
1.07
1.07
1.07
1.07
1.07
1.07
1.07
1.07
1.07
1.06
1.06
1.06
1.06
1.06
1.06
1.06
1.06
1.06
1.06
1.06
1.05
1.05
1.05
1.05
1.05
1.05
1.05
1.05
1.05
1.05
1.05
1.05
1.05
1.05
1.05
1.05
1.05
1.05
1.05
1.05
1.05
1.05
1.05
1.05
1.05
1.05
1.05
1.05
1.05
1.05
1.05
1.05
1.05
1.05
1.05
1.05
1.05
1.05
1.05
1.05
1.05
1.05
1.05
1.05
1.05
1.05
1.05
1.04
1.04
1.04
1.04
1.04
1.04
1.04
1.04
1.04
1.04
1.04
1.04
1.04
1.04
1.04
1.04
1.04
1.04
1.04
1.04
1.04
1.04
1.04
1.04
1.04
