0.75
0.16
0.16
0.16
0.16
0.16
0.72
0.71
0.16
0.16
0.16
0.16
0.16
0.16
0.16
0.16
0.16
0.16
0.16
0.16
0.16
0.16
0.16
0.16
0.16
0.16
0.16
0.16
0.16
0.16
0.16
0.16
0.16
0.16
0.16
0.16
0.16
0.16
0.16
0.16
0.16
0.16
0.16
0.16
0.16
0.16
0.16
0.16
0.16
0.56
0.16
0.16
0.16
0.16
0.16
0.16
0.16
0.16
0.16
0.16
0.16
0.16
0.16
0.16
0.16
0.5
0.5
0.5
0.5
0.49
0.16
0.16
0.48
0.48
0.47
0.47
0.47
0.47
0.16
0.16
0.46
0.16
0.16
0.16
0.16
0.45
0.45
0.45
0.43
0.43
0.16
0.42
0.4
0.39
0.38
0.38
0.37
0.36
0.33
0.3
0.28
0.27
0.26
0.25
0.22
0.21
0.19
0.18
0.17
0.16
0.16
0.16
0.16
0.16
0.16
0.16
0.16
0.16
0.16
0.16
0.16
0.16
0.16
0.16
0.16
0.16
0.16
0.16
0.16
0.16
0.16
0.16
0.16
0.16
0.16
0.16
0.16
0.16
0.16
0.16
0.16
0.16
0.16
0.16
0.16
0.16
0.16
0.16
0.16
0.16
0.16
0.16
0.16
0.16
0.16
0.16
0.16
0.16
0.16
0.16
0.16
0.16
0.16
0.16
0.16
0.16
0.16
0.16
0.16
0.16
0.16
0.16
0.16
0.16
0.16
0.16
0.16
0.16
0.16
0.16
0.16
0.16
0.16
0.16
0.16
0.16
0.16
0.16
0.16
0.16
0.16
0.16
0.16
0.16
0.16
0.16
0.16
0.16
0.16
0.16
0.16
0.16
1.06
1.06
1.06
1
0.98
0.97
0.96
0.95
0.94
0.93
0.92
0.91
0.9
0.89
0.88
0.87
0.86
0.85
0.84
0.83
0.82
0.81
0.8
0.8
0.79
0.78
0.77
0.76
0.75
0.75
0.74
0.7
0.7
0.69
0.68
0.68
0.67
0.66
0.64
0.63
0.62
0.62
0.61
0.6
0.6
0.59
0.58
0.58
0.57
0.57
0.56
0.56
0.55
0.55
0.54
0.54
0.53
0.53
0.52
0.51
0.51
0.5
2.16
2.16
2.04
1.91
1.89
1.86
1.83
2.36
2.48
2.48
2.48
2.49
2.49
2.49
2.61
2.61
2.61
2.61
2.41
2.37
2.34
2.3
2.27
2.23
2.2
2.17
2.04
2.01
1.9
1.86
1.83
1.76
1.73
1.69
1.66
1.62
1.59
1.56
1.53
1.51
1.48
0.16
0.16
1.42
1.4
0.16
0.16
1.34
1.32
1.3
1.28
1.26
1.24
1.22
1.2
1.17
0.16
0.16
1.13
1.11
0.16
1.22
1.14
0.16
0.16
1.01
1
0.99
0.16
0.96
0.94
0.16
0.16
0.16
0.16
0.16
0.16
0.16
0.16
0.16
0.16
0.16
0.83
0.82
0.81
0.81
0.8
0.79
0.78
0.78
0.77
0.76
0.75
0.75
0.74
0.73
0.73
0.72
0.71
0.71
0.7
0.75
0.16
0.16
0.16
0.16
0.16
0.72
0.71
0.16
0.16
0.16
0.16
0.16
0.16
0.16
0.16
0.16
0.16
0.16
0.16
0.16
0.16
0.16
0.16
0.16
0.16
0.16
0.16
0.16
0.16
0.16
0.16
0.16
0.16
0.16
0.16
0.16
0.16
0.16
0.16
0.16
0.16
0.16
0.16
0.16
0.16
0.16
0.16
0.16
0.56
0.16
0.16
0.16
0.16
0.16
0.16
0.16
0.16
0.16
0.16
0.16
0.16
0.16
0.16
0.16
0.5
0.5
0.5
0.5
0.49
0.16
0.16
0.48
0.48
0.47
0.47
0.47
0.47
0.16
0.16
0.46
0.16
0.16
0.16
0.16
0.45
0.45
0.45
0.43
0.43
0.16
0.42
0.4
0.39
0.38
0.38
0.37
0.36
0.33
0.3
0.28
0.27
0.26
0.25
0.22
0.21
0.19
0.18
0.17
0.16
0.16
0.16
0.16
0.16
0.16
0.16
0.16
0.16
0.16
0.16
0.16
0.16
0.16
0.16
0.16
0.16
0.16
0.16
0.16
0.16
0.16
0.16
0.16
0.16
0.16
0.16
0.16
0.16
0.16
0.16
0.16
0.16
0.16
0.16
0.16
0.16
0.16
0.16
0.16
0.16
0.16
0.16
0.16
0.16
0.16
0.16
0.16
0.16
0.16
0.16
0.16
0.16
0.16
0.16
0.16
0.16
0.16
0.16
0.16
0.16
0.16
0.16
0.16
0.16
0.16
0.16
0.16
0.16
0.16
0.16
0.16
0.16
0.16
0.16
0.16
0.16
0.16
0.16
0.16
0.16
0.16
0.16
0.16
0.16
0.16
0.16
0.16
0.16
0.16
0.16
0.16
0.16
1.06
1.06
1.06
1
0.98
0.97
0.96
0.95
0.94
0.93
0.92
0.91
0.9
0.89
0.88
0.87
0.86
0.85
0.84
0.83
0.82
0.81
0.8
0.8
0.79
0.78
0.77
0.76
0.75
0.75
0.74
0.7
0.7
0.69
0.68
0.68
0.67
0.66
0.64
0.63
0.62
0.62
0.61
0.6
0.6
0.59
0.58
0.58
0.57
0.57
0.56
0.56
0.55
0.55
0.54
0.54
0.53
0.53
0.52
0.51
0.51
0.5
2.16
2.16
2.04
1.91
1.89
1.86
1.83
2.36
2.48
2.48
2.48
2.49
2.49
2.49
2.61
2.61
2.61
2.61
2.41
2.37
2.34
2.3
2.27
2.23
2.2
2.17
2.04
2.01
1.9
1.86
1.83
1.76
1.73
1.69
1.66
1.62
1.59
1.56
1.53
1.51
1.48
0.16
0.16
1.42
1.4
0.16
0.16
1.34
1.32
1.3
1.28
1.26
1.24
1.22
1.2
1.17
0.16
0.16
1.13
1.11
0.16
1.22
1.14
0.16
0.16
1.01
1
0.99
0.16
0.96
0.94
0.16
0.16
0.16
0.16
0.16
0.16
0.16
0.16
0.16
0.16
0.16
0.83
0.82
0.81
0.81
0.8
0.79
0.78
0.78
0.77
0.76
0.75
0.75
0.74
0.73
0.73
0.72
0.71
0.71
0.7
0.75
0.16
0.16
0.16
0.16
0.16
0.72
0.71
0.16
0.16
0.16
0.16
0.16
0.16
0.16
0.16
0.16
0.16
0.16
0.16
0.16
0.16
0.16
0.16
0.16
0.16
0.16
0.16
0.16
0.16
0.16
0.16
0.16
0.16
0.16
0.16
0.16
0.16
0.16
0.16
0.16
0.16
0.16
0.16
0.16
0.16
0.16
0.16
0.16
0.56
0.16
0.16
0.16
0.16
0.16
0.16
0.16
0.16
0.16
0.16
0.16
0.16
0.16
0.16
0.16
0.5
0.5
0.5
0.5
0.49
0.16
0.16
0.48
0.48
0.47
0.47
0.47
0.47
0.16
0.16
0.46
0.16
0.16
0.16
0.16
0.45
0.45
0.45
0.43
0.43
0.16
0.42
0.4
0.39
0.38
0.38
0.37
0.36
0.33
0.3
0.28
0.27
0.26
0.25
0.22
0.21
0.19
0.18
0.17
0.16
0.16
0.16
0.16
0.16
0.16
0.16
0.16
0.16
0.16
0.16
0.16
0.16
0.16
0.16
0.16
0.16
0.16
0.16
0.16
0.16
0.16
0.16
0.16
0.16
0.16
0.16
0.16
0.16
0.16
0.16
0.16
0.16
0.16
0.16
0.16
0.16
0.16
0.16
0.16
0.16
0.16
0.16
0.16
0.16
0.16
0.16
0.16
0.16
0.16
0.16
0.16
0.16
0.16
0.16
0.16
0.16
0.16
0.16
0.16
0.16
0.16
0.16
0.16
0.16
0.16
0.16
0.16
0.16
0.16
0.16
0.16
0.16
0.16
0.16
0.16
0.16
0.16
0.16
0.16
0.16
0.16
0.16
0.16
0.16
0.16
0.16
0.16
0.16
0.16
0.16
0.16
0.16
1.06
1.06
1.06
1
0.98
0.97
0.96
0.95
0.94
0.93
0.92
0.91
0.9
0.89
0.88
0.87
0.86
0.85
0.84
0.83
0.82
0.81
0.8
0.8
0.79
0.78
0.77
0.76
0.75
0.75
0.74
0.7
0.7
0.69
0.68
0.68
0.67
0.66
0.64
0.63
0.62
0.62
0.61
0.6
0.6
0.59
0.58
0.58
0.57
0.57
0.56
0.56
0.55
0.55
0.54
0.54
0.53
0.53
0.52
0.51
0.51
0.5
2.16
2.16
2.04
1.91
1.89
1.86
1.83
2.36
2.48
2.48
2.48
2.49
2.49
2.49
2.61
2.61
2.61
2.61
2.41
2.37
2.34
2.3
2.27
2.23
2.2
2.17
2.04
2.01
1.9
1.86
1.83
1.76
1.73
1.69
1.66
1.62
1.59
1.56
1.53
1.51
1.48
0.16
0.16
1.42
1.4
0.16
0.16
1.34
1.32
1.3
1.28
1.26
1.24
1.22
1.2
1.17
0.16
0.16
1.13
1.11
0.16
1.22
1.14
0.16
0.16
1.01
1
0.99
0.16
0.96
0.94
0.16
0.16
0.16
0.16
0.16
0.16
0.16
0.16
0.16
0.16
0.16
0.83
0.82
0.81
0.81
0.8
0.79
0.78
0.78
0.77
0.76
0.75
0.75
0.74
0.73
0.73
0.72
0.71
0.71
0.7
