2.16
0.61
0.61
0.61
0.61
0.61
1.97
1.95
0.61
0.61
0.61
0.61
0.61
0.61
0.61
0.61
0.61
0.61
0.61
0.61
0.61
0.61
0.61
0.61
0.61
0.61
0.61
0.61
0.61
0.61
0.61
0.61
0.61
0.61
0.61
0.61
0.61
0.61
0.61
0.61
0.61
0.61
0.61
0.61
0.61
0.61
0.61
0.61
0.61
1.12
0.61
0.61
0.61
0.61
0.61
0.61
0.61
0.61
0.61
0.61
0.61
0.61
0.61
0.61
0.61
0.95
0.94
0.94
0.93
0.92
0.61
0.61
0.9
0.89
0.88
0.87
0.87
0.86
0.61
0.61
0.84
0.61
0.61
0.61
0.61
0.81
0.8
0.8
0.79
0.78
0.61
0.77
0.77
0.76
0.75
0.75
0.74
0.74
0.73
0.72
0.71
0.7
0.7
0.69
0.68
0.68
0.67
0.66
0.66
0.65
0.64
0.63
0.63
0.62
0.61
0.61
0.61
0.61
0.61
0.61
0.61
0.61
0.61
0.61
0.61
0.61
0.61
0.61
0.61
0.61
0.61
0.61
0.61
0.61
0.61
0.61
0.61
0.61
0.61
0.61
0.61
0.61
0.61
0.61
0.61
0.61
0.61
0.61
0.61
0.61
0.61
0.61
0.61
0.61
0.61
0.61
0.61
0.61
0.61
0.61
0.61
0.61
0.61
0.61
0.61
0.61
0.61
0.61
0.61
0.61
0.61
0.61
0.61
0.61
0.61
0.61
0.61
0.61
0.61
0.61
0.61
0.61
0.61
0.61
0.61
0.61
0.61
0.61
0.61
0.61
0.61
0.61
0.61
0.61
0.61
0.61
0.61
0.61
0.61
0.61
0.61
0.61
7.68
7.72
7.75
7.65
7.55
7.45
7.35
7.25
7.15
7.05
6.96
6.86
6.77
6.68
6.58
6.49
6.41
6.32
6.23
6.15
6.06
5.98
5.9
5.82
5.74
5.67
5.59
5.51
5.44
5.37
5.29
5.23
5.15
5.08
5.02
4.95
4.89
4.82
4.76
4.7
4.64
4.58
4.51
4.44
4.37
4.31
4.25
4.19
4.14
4.08
4.03
3.96
3.91
3.86
3.8
3.75
3.69
3.64
3.59
3.54
3.5
3.45
9.94
9.98
9.82
9.69
9.55
9.39
9.24
10.17
10.18
10.2
10.21
10.23
10.26
10.27
10.29
10.31
10.34
10.36
10.21
10.04
9.87
9.71
9.55
9.39
9.22
9.07
8.91
8.77
8.61
8.47
8.33
8.19
8.07
7.92
7.78
7.65
7.52
7.39
7.25
7.14
7.01
0.61
0.61
6.64
6.52
0.61
0.61
6.18
6.07
5.96
5.86
5.76
5.66
5.57
5.47
5.37
0.61
0.61
5.1
5.01
0.61
4.84
4.75
0.61
0.61
4.51
4.43
4.36
0.61
4.22
4.14
0.61
0.61
0.61
0.61
0.61
0.61
0.61
0.61
0.61
0.61
0.61
3.38
3.32
3.27
3.21
3.16
3.11
3.06
3.01
2.96
2.91
2.87
2.82
2.78
2.73
2.69
2.65
2.61
2.57
2.53
2.16
0.61
0.61
0.61
0.61
0.61
1.97
1.95
0.61
0.61
0.61
0.61
0.61
0.61
0.61
0.61
0.61
0.61
0.61
0.61
0.61
0.61
0.61
0.61
0.61
0.61
0.61
0.61
0.61
0.61
0.61
0.61
0.61
0.61
0.61
0.61
0.61
0.61
0.61
0.61
0.61
0.61
0.61
0.61
0.61
0.61
0.61
0.61
0.61
1.12
0.61
0.61
0.61
0.61
0.61
0.61
0.61
0.61
0.61
0.61
0.61
0.61
0.61
0.61
0.61
0.95
0.94
0.94
0.93
0.92
0.61
0.61
0.9
0.89
0.88
0.87
0.87
0.86
0.61
0.61
0.84
0.61
0.61
0.61
0.61
0.81
0.8
0.8
0.79
0.78
0.61
0.77
0.77
0.76
0.75
0.75
0.74
0.74
0.73
0.72
0.71
0.7
0.7
0.69
0.68
0.68
0.67
0.66
0.66
0.65
0.64
0.63
0.63
0.62
0.61
0.61
0.61
0.61
0.61
0.61
0.61
0.61
0.61
0.61
0.61
0.61
0.61
0.61
0.61
0.61
0.61
0.61
0.61
0.61
0.61
0.61
0.61
0.61
0.61
0.61
0.61
0.61
0.61
0.61
0.61
0.61
0.61
0.61
0.61
0.61
0.61
0.61
0.61
0.61
0.61
0.61
0.61
0.61
0.61
0.61
0.61
0.61
0.61
0.61
0.61
0.61
0.61
0.61
0.61
0.61
0.61
0.61
0.61
0.61
0.61
0.61
0.61
0.61
0.61
0.61
0.61
0.61
0.61
0.61
0.61
0.61
0.61
0.61
0.61
0.61
0.61
0.61
0.61
0.61
0.61
0.61
0.61
0.61
0.61
0.61
0.61
0.61
7.68
7.72
7.75
7.65
7.55
7.45
7.35
7.25
7.15
7.05
6.96
6.86
6.77
6.68
6.58
6.49
6.41
6.32
6.23
6.15
6.06
5.98
5.9
5.82
5.74
5.67
5.59
5.51
5.44
5.37
5.29
5.23
5.15
5.08
5.02
4.95
4.89
4.82
4.76
4.7
4.64
4.58
4.51
4.44
4.37
4.31
4.25
4.19
4.14
4.08
4.03
3.96
3.91
3.86
3.8
3.75
3.69
3.64
3.59
3.54
3.5
3.45
9.94
9.98
9.82
9.69
9.55
9.39
9.24
10.17
10.18
10.2
10.21
10.23
10.26
10.27
10.29
10.31
10.34
10.36
10.21
10.04
9.87
9.71
9.55
9.39
9.22
9.07
8.91
8.77
8.61
8.47
8.33
8.19
8.07
7.92
7.78
7.65
7.52
7.39
7.25
7.14
7.01
0.61
0.61
6.64
6.52
0.61
0.61
6.18
6.07
5.96
5.86
5.76
5.66
5.57
5.47
5.37
0.61
0.61
5.1
5.01
0.61
4.84
4.75
0.61
0.61
4.51
4.43
4.36
0.61
4.22
4.14
0.61
0.61
0.61
0.61
0.61
0.61
0.61
0.61
0.61
0.61
0.61
3.38
3.32
3.27
3.21
3.16
3.11
3.06
3.01
2.96
2.91
2.87
2.82
2.78
2.73
2.69
2.65
2.61
2.57
2.53
2.16
0.61
0.61
0.61
0.61
0.61
1.97
1.95
0.61
0.61
0.61
0.61
0.61
0.61
0.61
0.61
0.61
0.61
0.61
0.61
0.61
0.61
0.61
0.61
0.61
0.61
0.61
0.61
0.61
0.61
0.61
0.61
0.61
0.61
0.61
0.61
0.61
0.61
0.61
0.61
0.61
0.61
0.61
0.61
0.61
0.61
0.61
0.61
0.61
1.12
0.61
0.61
0.61
0.61
0.61
0.61
0.61
0.61
0.61
0.61
0.61
0.61
0.61
0.61
0.61
0.95
0.94
0.94
0.93
0.92
0.61
0.61
0.9
0.89
0.88
0.87
0.87
0.86
0.61
0.61
0.84
0.61
0.61
0.61
0.61
0.81
0.8
0.8
0.79
0.78
0.61
0.77
0.77
0.76
0.75
0.75
0.74
0.74
0.73
0.72
0.71
0.7
0.7
0.69
0.68
0.68
0.67
0.66
0.66
0.65
0.64
0.63
0.63
0.62
0.61
0.61
0.61
0.61
0.61
0.61
0.61
0.61
0.61
0.61
0.61
0.61
0.61
0.61
0.61
0.61
0.61
0.61
0.61
0.61
0.61
0.61
0.61
0.61
0.61
0.61
0.61
0.61
0.61
0.61
0.61
0.61
0.61
0.61
0.61
0.61
0.61
0.61
0.61
0.61
0.61
0.61
0.61
0.61
0.61
0.61
0.61
0.61
0.61
0.61
0.61
0.61
0.61
0.61
0.61
0.61
0.61
0.61
0.61
0.61
0.61
0.61
0.61
0.61
0.61
0.61
0.61
0.61
0.61
0.61
0.61
0.61
0.61
0.61
0.61
0.61
0.61
0.61
0.61
0.61
0.61
0.61
0.61
0.61
0.61
0.61
0.61
0.61
7.68
7.72
7.75
7.65
7.55
7.45
7.35
7.25
7.15
7.05
6.96
6.86
6.77
6.68
6.58
6.49
6.41
6.32
6.23
6.15
6.06
5.98
5.9
5.82
5.74
5.67
5.59
5.51
5.44
5.37
5.29
5.23
5.15
5.08
5.02
4.95
4.89
4.82
4.76
4.7
4.64
4.58
4.51
4.44
4.37
4.31
4.25
4.19
4.14
4.08
4.03
3.96
3.91
3.86
3.8
3.75
3.69
3.64
3.59
3.54
3.5
3.45
9.94
9.98
9.82
9.69
9.55
9.39
9.24
10.17
10.18
10.2
10.21
10.23
10.26
10.27
10.29
10.31
10.34
10.36
10.21
10.04
9.87
9.71
9.55
9.39
9.22
9.07
8.91
8.77
8.61
8.47
8.33
8.19
8.07
7.92
7.78
7.65
7.52
7.39
7.25
7.14
7.01
0.61
0.61
6.64
6.52
0.61
0.61
6.18
6.07
5.96
5.86
5.76
5.66
5.57
5.47
5.37
0.61
0.61
5.1
5.01
0.61
4.84
4.75
0.61
0.61
4.51
4.43
4.36
0.61
4.22
4.14
0.61
0.61
0.61
0.61
0.61
0.61
0.61
0.61
0.61
0.61
0.61
3.38
3.32
3.27
3.21
3.16
3.11
3.06
3.01
2.96
2.91
2.87
2.82
2.78
2.73
2.69
2.65
2.61
2.57
2.53
