0
0
0
0
0
0
0
0
0
0
0
0
0
0
0
0
0
0
0
0
0
0
0
0
0
0
0
0
0
0
0
0
0
0
0
0.092964
0
0
0
0
0
0
0
0
0
0
0
0
0
0
0
0
0
0
0
0
0
0
0
0
0
0
0
0
0
0
0
0
0
0
0
0
0
0
0
0
0
0.012446
0
0
1.062482
0
0
0
0
0
0
0.028194
1.83388
0
0
0
0.255778
0
0
0
0.01397
0
0
0
0
0
0
16.696436
0.216662
0
0
0
0
0
0
0
0
0
0
0
0
3.808984
6.15442
0
0
9.688576
0
0
0
0
19.670014
95.909892
52.950618
1.223264
0.462534
0
0
0
0
1.697482
1.809496
0.097028
0
0
0
0
0.015748
0
0
0
0
0
0.022098
0
0
0
0
0
0
0
0
0
0
0
0
0
0
0
0
0
0
0
0
0.022352
0.000762
0
0
0
35.006788
0
26.53919
0
0
0
0
0
0
0
0
0
0.001778
0
0
0
0
0
0
0
0
0
0
0
0
0
0
0
0
0
0
0
0
0
0
0
0
0
0
0
0
0
0
0
0
0
0
0
0
0
0
0
0
0
0
0
0
0
0
0
0
0.043688
0
0
0
0
0
0
0
0
0
0
0
0
0
0
0.09398
0
0
0
0.000254
1.278128
2.690368
0
0
0
0
0
0
0
0
0
0
0
0
0
0
0
0
0
0
0
0
0
0
0
0
0
0
0
0
0
0
0
0
0
0
0
0
0
0
0
0
0
0
0
0
0
0
0
0
0
0
0
0
0
0
0
0
0
0
0.012446
6.727952
0
0
0
0
0
0
0
0
0
0
0
0
0
0
0
0
0
0
0
0
0
0
0
0
0
0
0
0
0
0
0
0
0
0
0
0
0
0
0
0
0
0
0
0
0
0
0
0
0
0
0
0
0
0
0
0
0
0
0
0
0
0
0
0
0
0
0
0
0
0
0
0
0
0
0
0
0
0
0
0
0
0
0
0
0
0
0
0
0
0
0
0
0
0
0
0
0
0
0
0
0
0
0
0
0
0
0
0
0
0
0
0
0
0
0.127254
8.171688
0.024638
0
0
0
0
0
0
0
0
0
0
0
0
0
0
0
0
0
0
0
0
0
0
0
0
0
0
0
0
0
0
0
57.542684
0
0
0
0
0
0
0
0
0
0
0
0
0
0
0
31.99257
0.16637
24.463756
0.063754
0
10.466832
4.336796
0
0
0
0
0
0
0
0
0
0
0
0
0
0
0
0
0
0
0
0
0
0.001016
0
0
0
0.005334
0
0
0
0
0
0
0
0
0
0
0
0
0
0
0
0
0
0
0
0
0
0
0
0
0
0
0
0
0
0
0
0
0
0
0
0
0
0
0
0
0
0
0
0
0
0
0
0
0
0
0
0
0
0
0
0
0
0
0
0
0
0
0
0
0
0
0
0
0
0
0
0
0
0
0
0
0
0
0
0
0
0
0
0
0
0
0
0
0
0
0
0
0
0.009144
0
0
0
0
0.011684
0
0
0
0
0
0
0
0
0
0
0
0
0
0
0
0
0.026162
0
0
0
0
0
0
0
0
0
0
0
0
0
0
0
0
0
0
0
0
0
0
0
0
0
0
0
0
0
0
0
0
0
0
0
0
0
0
0.024892
0
0
0.020828
0.14478
0
0
0
0
0.02286
0
0
0
0.037084
0
0
0
0
0
1.381252
42.197528
0
0
0
0
0
0
0
0
0
0
0
0
0
0
0
0
0
0
0
0
0
0
0
0
0
0
0
0
0
0
0
0
0
0
0
0
0
0
0
0
0
0
0
0
0
0
0
0
0
0
0
0
0
0
0
0
0
0
0
0
0
0
0.02032
0
0
0
0
0
0
0
0
0
0
0
0
0
0
0
0
0
0
0
0
0
0
0
0
0
0
0
0
0
0
0
0
0
0
0
0
0
0
0
0
0
0
0
0
0
0
0
0
0
2.310384
8.904224
0
0
0
0
0
0
0
0
0
0
0
0
0
0
0
0
0
0
0
0
0
0
0
0
0
0
0
0
0
0
0
0
0
0
0
0.00381
0
0
0
0
0
0
0
0
0
0.008382
0.01143
0
0
0
0
0
0.014224
0.704342
0.050038
0
0
0
0
0
0
0
0
0
0
0
0
0
0
0
0
0
0
0
0
0.00127
0.077724
0
0
43.366944
42.53611
11.98753
0.02921
0
0
0
117.301264
0.211074
0
0
0
0
0
0
0
0
0
0
0
0
0.000508
0
0
0
0
0
0
0
0
0
0
0
0
0
0
0
0
0
0
0
0
0
0
0
0
0
0
0
0
0
0.031496
0
0
0
0
0
0
0
0
0.002286
4.788154
7.4422
1.347978
0
0
0
0
0
0
0
0
0
0
0.001016
0
0
0
0
0
0
0
0
0
0
0
0
0
0
0
0
0
0
0
0
0
0
0
0
0
0
0
0.009906
0
0
0.09017
0
0
0.046482
0.030734
0
0.038608
0.010668
0
0
0.018542
0
0
0.00381
0
0
0
0.005842
0
0
0
0
0
0
0
0
0
0
0
0
0
0
0
0
0
0
0
0
0
0
0
0
0
0
0
0
0
0
0
0
0
0
0
0
0
0
0
0
0
0
0
0
0
0
0
0
0
0
0
0
0
0
0
0
0
0
0
0
0
0
0
0
0
0
0
0
0
0
0
0
0
0
0
0
0
0
0
0
0
0
0
0
0
0
0
0
0
0
