6.2
4.6
1.0
0.0
0.0
0.0
0.9
8.1
20.4
0.3
1.0
0.0
0.0
0.5
0.0
0.0
0.0
0.0
14.4
0.0
0.0
0.0
0.0
0.0
0.0
0.0
0.0
0.0
0.0
0.0
0.0
0.0
0.0
0.8
12.2
8.2
0.0
0.0
0.0
0.0
8.7
0.5
0.0
0.0
5.9
22.4
0.0
0.0
0.0
0.0
0.0
0.0
0.0
0.0
2.4
0.6
0.0
0.0
1.4
5.8
0.0
0.0
0.0
0.0
0.0
0.0
0.0
0.0
0.0
0.0
0.3
0.0
0.0
0.0
0.0
0.0
4.9
14.2
0.0
0.0
11.1
0.0
0.0
0.0
0.0
0.0
0.0
16.7
1.0
0.0
0.0
0.0
0.9
8.5
0.0
0.0
2.8
0.0
0.0
0.0
0.0
0.0
0.6
42.2
0.6
0.0
2.2
0.0
0.0
0.0
0.0
0.0
0.0
0.0
0.0
0.0
0.0
35.4
11.4
0.0
8.4
20.1
0.0
0.0
0.0
5.1
30.4
95.2
48.5
1.1
7.3
0.0
0.0
0.0
0.0
12.5
15.0
0.8
0.4
0.0
0.0
0.0
9.5
0.0
0.0
0.0
0.0
0.0
10.9
0.0
0.0
0.0
0.0
0.0
0.0
0.0
0.0
24.6
0.4
4.8
0.0
0.0
0.0
0.0
0.0
0.0
2.5
0.0
0.0
21.4
10.2
0.0
0.0
0.0
66.3
0.0
42.2
2.5
0.0
0.0
0.0
0.0
0.0
0.0
0.0
2.7
16.6
6.9
0.0
0.0
0.0
0.0
0.0
5.3
2.7
0.0
0.0
0.0
0.0
0.0
0.0
0.0
0.0
0.0
0.0
0.0
0.0
0.0
0.0
0.0
0.0
0.0
5.8
0.0
0.0
0.0
0.0
0.0
0.0
0.0
1.4
0.0
0.0
0.0
0.0
0.0
0.0
0.0
0.0
0.0
0.0
0.0
0.0
0.0
0.0
55.9
0.0
0.0
0.0
0.0
0.0
10.3
0.5
0.0
8.7
0.0
0.0
0.0
0.0
2.6
43.5
0.0
0.0
0.0
10.5
69.4
2.8
0.0
0.0
0.0
0.0
0.0
0.0
0.0
0.0
0.0
0.0
10.9
0.0
0.0
0.0
0.0
0.0
0.0
0.0
0.0
0.0
0.0
0.0
4.9
12.4
0.0
0.0
0.0
0.0
0.0
0.0
0.0
0.0
0.0
0.0
3.1
0.0
0.0
0.0
0.0
0.0
0.0
0.0
0.0
0.0
0.0
0.0
0.0
0.0
0.0
0.0
0.0
0.0
0.0
0.0
0.0
0.0
0.0
0.0
37.3
11.0
21.0
0.0
4.4
0.0
0.0
0.0
0.0
0.0
0.0
0.0
0.0
0.0
0.0
0.0
0.0
0.0
0.0
1.3
6.1
0.9
0.0
0.0
0.0
0.0
0.0
0.0
0.0
0.0
7.8
2.9
0.0
0.0
0.0
0.0
0.0
0.0
0.0
0.0
0.0
0.0
0.0
0.0
0.0
0.0
0.0
0.0
0.0
0.0
0.0
0.0
0.0
0.0
0.0
0.0
0.0
0.0
0.0
0.0
0.0
0.0
0.0
0.0
0.0
0.0
0.0
0.0
0.0
0.0
0.0
0.6
0.0
0.0
0.0
2.0
0.0
0.0
0.0
1.3
0.0
0.0
0.0
0.0
0.0
0.0
0.0
0.0
0.0
0.0
0.0
0.0
0.0
0.0
0.0
0.0
0.0
0.0
0.0
0.4
4.3
21.0
4.8
0.0
0.0
0.0
0.0
0.0
0.3
0.0
0.0
0.0
0.0
0.0
0.0
4.1
52.5
0.0
0.0
0.0
0.0
0.0
0.0
0.0
0.0
0.0
0.0
0.0
0.0
0.0
0.0
0.0
0.0
0.0
11.9
0.0
0.0
0.0
0.0
0.0
0.0
0.0
0.0
0.0
0.0
0.0
0.0
0.0
0.0
83.0
53.9
0.0
0.0
0.0
0.0
0.0
0.0
0.0
0.0
0.0
0.0
3.7
0.0
0.0
10.1
0.0
80.1
5.2
47.7
0.0
0.0
35.9
0.0
0.0
0.0
0.0
1.4
0.0
0.0
0.0
0.0
2.6
0.0
3.1
0.0
0.0
0.0
0.0
0.0
0.0
0.0
0.0
2.5
9.3
33.8
0.0
0.0
0.0
24.5
0.0
0.0
0.0
0.0
25.1
0.0
0.0
0.0
0.0
0.0
0.0
7.4
1.5
0.0
0.0
0.0
0.0
0.0
0.0
0.0
5.6
0.0
0.0
0.0
0.0
0.0
0.0
0.0
0.0
0.0
5.5
10.0
0.0
0.0
0.0
0.0
0.0
0.0
0.0
0.0
0.0
0.0
0.0
0.0
0.0
2.5
13.4
0.0
0.0
0.0
0.0
0.0
0.0
0.0
0.0
0.0
6.5
3.7
0.0
0.0
0.0
0.0
0.0
0.0
0.0
0.0
0.0
0.0
0.0
0.0
0.0
0.0
0.0
0.0
0.0
0.0
0.0
0.0
0.0
20.8
0.0
0.0
4.1
0.0
0.0
0.0
0.0
0.0
0.0
0.0
0.0
0.0
6.6
41.1
19.1
0.0
0.0
0.0
7.5
0.0
0.0
2.6
0.0
0.0
0.0
0.0
0.0
0.0
0.0
0.0
0.0
0.0
0.0
0.0
5.9
7.3
0.0
0.0
0.0
0.0
0.0
0.0
0.0
0.0
0.0
0.0
0.0
0.0
4.2
0.0
16.3
0.0
0.0
0.0
0.0
0.0
0.0
0.0
0.7
4.8
1.4
0.0
0.0
2.4
0.3
0.0
0.0
1.2
5.5
0.0
0.0
0.0
0.0
2.6
14.8
0.0
0.0
0.0
7.5
16.3
0.0
0.0
0.5
5.3
0.0
0.0
0.0
6.0
0.0
0.0
0.0
0.0
1.5
67.8
70.7
0.0
0.0
0.0
0.3
0.3
0.0
0.0
0.0
0.0
0.0
0.0
0.5
0.0
0.3
0.0
6.1
0.0
0.5
0.0
0.0
0.0
0.0
0.0
0.0
0.5
0.0
0.0
0.3
0.0
0.0
0.0
0.0
0.3
0.0
0.0
0.0
0.0
1.4
0.0
0.0
1.0
0.0
0.0
0.0
0.0
0.0
0.0
0.0
0.0
0.0
0.0
0.0
0.0
0.0
0.0
0.0
0.0
0.0
0.0
0.0
0.0
3.2
13.4
0.0
0.0
0.0
4.5
0.0
0.0
1.0
0.0
0.0
0.0
0.0
0.0
0.0
0.0
0.0
0.0
0.0
0.0
0.0
0.0
0.0
0.0
2.5
0.0
0.0
0.0
0.0
0.0
0.0
0.0
0.0
0.0
0.0
0.0
0.0
0.0
0.0
4.4
2.6
0.0
0.0
0.0
3.7
0.0
0.0
0.0
0.0
0.0
43.3
29.4
4.0
4.9
0.0
0.0
0.0
0.0
0.0
0.0
0.0
0.0
0.0
7.0
0.0
0.0
1.5
0.0
0.0
0.0
0.0
0.0
13.0
0.0
0.0
0.0
0.0
0.0
0.0
13.6
0.0
0.0
0.0
0.0
0.0
2.0
17.5
0.0
0.0
0.3
2.0
36.2
2.0
0.0
0.0
0.0
0.0
0.0
6.9
0.0
0.0
0.0
0.0
0.0
11.2
24.4
34.8
0.0
0.0
0.0
0.0
0.0
0.0
0.0
0.0
0.0
0.0
0.0
0.0
0.0
4.6
0.0
5.9
16.3
10.3
43.0
0.0
0.0
0.0
0.0
8.4
8.2
0.4
92.7
32.1
17.0
0.0
0.0
1.8
130.5
6.7
1.8
0.0
0.0
0.0
0.0
0.0
0.0
0.0
0.0
0.0
0.0
0.0
6.0
0.0
0.0
0.0
0.0
0.0
1.6
4.1
0.0
0.0
0.0
0.0
0.0
0.0
0.0
0.0
0.0
0.0
0.0
0.0
0.0
0.0
0.0
0.0
0.0
0.0
0.0
0.0
1.6
1.3
63.9
7.6
0.0
0.0
0.0
0.0
0.0
0.0
0.0
42.6
53.3
10.5
0.0
0.0
0.0
0.0
0.0
0.0
0.0
0.0
0.0
0.0
0.0
9.3
0.0
0.0
0.0
0.0
0.0
0.0
0.0
0.0
0.0
0.0
0.0
0.0
0.0
0.0
0.0
0.0
0.0
0.0
0.0
0.0
0.0
0.0
0.0
0.0
0.0
0.0
4.1
25.3
0.0
0.0
35.8
15.0
0.4
23.0
9.3
0.0
26.6
6.3
0.0
0.0
0.0
0.0
0.0
9.3
0.0
0.0
0.0
18.8
0.0
0.0
0.0
0.0
0.0
0.0
0.0
0.0
0.0
0.0
0.0
0.0
0.0
0.0
0.0
0.0
0.0
0.0
0.0
0.0
0.0
0.0
0.0
0.0
0.0
0.0
0.0
1.4
1.7
7.1
0.0
0.0
0.0
0.0
0.0
0.0
0.0
0.0
0.0
0.0
0.0
0.0
0.0
0.0
0.0
0.0
0.0
0.0
0.0
0.0
0.0
0.0
0.0
0.0
0.0
0.0
0.0
0.0
0.0
0.0
0.0
0.0
0.0
0.0
0.0
0.0
1.0
0.0
0.0
0.0
0.0
0.0
0.0
0.0
3.2
12.4
17.8
0.6
0.0
0.0
0.0
0.0
0.0
0.0
0.0
0.0
0.0
0.0
3.8
0.5
