7.00E-07
7.28E-07
2.58E-07
0.00E+00
0.00E+00
0.00E+00
7.48E-08
1.15E-06
1.41E-06
2.26E-08
1.07E-07
0.00E+00
0.00E+00
1.90E-08
0.00E+00
0.00E+00
0.00E+00
0.00E+00
2.32E-06
0.00E+00
0.00E+00
0.00E+00
0.00E+00
0.00E+00
0.00E+00
0.00E+00
0.00E+00
0.00E+00
0.00E+00
0.00E+00
0.00E+00
0.00E+00
0.00E+00
1.93E-07
8.87E-07
5.27E-07
0.00E+00
0.00E+00
0.00E+00
0.00E+00
1.45E-06
2.10E-08
0.00E+00
0.00E+00
1.61E-06
1.39E-06
0.00E+00
0.00E+00
0.00E+00
0.00E+00
0.00E+00
0.00E+00
0.00E+00
0.00E+00
3.31E-07
9.65E-08
0.00E+00
0.00E+00
1.74E-07
2.88E-07
0.00E+00
0.00E+00
0.00E+00
0.00E+00
0.00E+00
0.00E+00
0.00E+00
0.00E+00
0.00E+00
0.00E+00
3.95E-08
0.00E+00
0.00E+00
0.00E+00
0.00E+00
0.00E+00
3.10E-07
1.65E-06
0.00E+00
0.00E+00
1.47E-06
0.00E+00
0.00E+00
0.00E+00
0.00E+00
0.00E+00
0.00E+00
1.48E-06
8.57E-08
0.00E+00
0.00E+00
0.00E+00
2.10E-07
3.38E-07
0.00E+00
0.00E+00
3.37E-07
0.00E+00
0.00E+00
0.00E+00
0.00E+00
0.00E+00
4.54E-08
3.29E-06
7.35E-08
0.00E+00
4.75E-07
0.00E+00
0.00E+00
0.00E+00
0.00E+00
0.00E+00
0.00E+00
0.00E+00
0.00E+00
0.00E+00
0.00E+00
4.19E-06
3.50E-06
0.00E+00
1.09E-06
1.76E-06
0.00E+00
0.00E+00
0.00E+00
1.16E-06
2.22E-06
2.86E-06
2.43E-06
2.55E-07
6.60E-07
0.00E+00
0.00E+00
0.00E+00
0.00E+00
1.71E-06
1.93E-06
1.84E-07
8.01E-08
0.00E+00
0.00E+00
0.00E+00
5.96E-07
0.00E+00
0.00E+00
0.00E+00
0.00E+00
0.00E+00
8.28E-07
0.00E+00
0.00E+00
0.00E+00
0.00E+00
0.00E+00
0.00E+00
0.00E+00
0.00E+00
4.77E-06
3.89E-08
1.73E-07
0.00E+00
0.00E+00
0.00E+00
0.00E+00
0.00E+00
0.00E+00
1.85E-07
0.00E+00
0.00E+00
3.38E-06
2.98E-06
0.00E+00
0.00E+00
0.00E+00
3.44E-06
0.00E+00
5.95E-06
5.92E-07
0.00E+00
0.00E+00
0.00E+00
0.00E+00
0.00E+00
0.00E+00
0.00E+00
2.18E-07
2.62E-06
7.10E-07
0.00E+00
0.00E+00
0.00E+00
0.00E+00
0.00E+00
4.43E-07
3.20E-07
0.00E+00
0.00E+00
0.00E+00
0.00E+00
0.00E+00
0.00E+00
0.00E+00
0.00E+00
0.00E+00
0.00E+00
0.00E+00
0.00E+00
0.00E+00
0.00E+00
0.00E+00
0.00E+00
0.00E+00
1.99E-07
0.00E+00
0.00E+00
0.00E+00
0.00E+00
0.00E+00
0.00E+00
0.00E+00
2.56E-07
0.00E+00
0.00E+00
0.00E+00
0.00E+00
0.00E+00
0.00E+00
0.00E+00
0.00E+00
0.00E+00
0.00E+00
0.00E+00
0.00E+00
0.00E+00
0.00E+00
7.03E-06
0.00E+00
0.00E+00
0.00E+00
0.00E+00
0.00E+00
1.13E-06
5.96E-08
0.00E+00
1.53E-06
0.00E+00
0.00E+00
0.00E+00
0.00E+00
1.86E-07
2.71E-06
0.00E+00
0.00E+00
0.00E+00
7.28E-07
5.47E-06
5.89E-07
0.00E+00
0.00E+00
0.00E+00
0.00E+00
0.00E+00
0.00E+00
0.00E+00
0.00E+00
0.00E+00
0.00E+00
1.62E-06
0.00E+00
0.00E+00
0.00E+00
0.00E+00
0.00E+00
0.00E+00
0.00E+00
0.00E+00
0.00E+00
0.00E+00
0.00E+00
5.93E-07
1.65E-06
0.00E+00
0.00E+00
0.00E+00
0.00E+00
0.00E+00
0.00E+00
0.00E+00
0.00E+00
0.00E+00
0.00E+00
4.21E-07
0.00E+00
0.00E+00
0.00E+00
0.00E+00
0.00E+00
0.00E+00
0.00E+00
0.00E+00
0.00E+00
0.00E+00
0.00E+00
0.00E+00
0.00E+00
0.00E+00
0.00E+00
0.00E+00
0.00E+00
0.00E+00
0.00E+00
0.00E+00
0.00E+00
0.00E+00
0.00E+00
3.27E-06
4.28E-07
2.13E-06
0.00E+00
2.79E-07
0.00E+00
0.00E+00
0.00E+00
0.00E+00
0.00E+00
0.00E+00
0.00E+00
0.00E+00
0.00E+00
0.00E+00
0.00E+00
0.00E+00
0.00E+00
0.00E+00
1.90E-07
6.77E-07
1.09E-07
0.00E+00
0.00E+00
0.00E+00
0.00E+00
0.00E+00
0.00E+00
0.00E+00
0.00E+00
4.44E-07
2.62E-07
0.00E+00
0.00E+00
0.00E+00
0.00E+00
0.00E+00
0.00E+00
0.00E+00
0.00E+00
0.00E+00
0.00E+00
0.00E+00
0.00E+00
0.00E+00
0.00E+00
0.00E+00
0.00E+00
0.00E+00
0.00E+00
0.00E+00
0.00E+00
0.00E+00
0.00E+00
0.00E+00
0.00E+00
0.00E+00
0.00E+00
0.00E+00
0.00E+00
0.00E+00
0.00E+00
0.00E+00
0.00E+00
0.00E+00
0.00E+00
0.00E+00
0.00E+00
0.00E+00
0.00E+00
0.00E+00
2.76E-08
0.00E+00
0.00E+00
0.00E+00
9.38E-08
0.00E+00
0.00E+00
0.00E+00
1.79E-07
0.00E+00
0.00E+00
0.00E+00
0.00E+00
0.00E+00
0.00E+00
0.00E+00
0.00E+00
0.00E+00
0.00E+00
0.00E+00
0.00E+00
0.00E+00
0.00E+00
0.00E+00
0.00E+00
0.00E+00
0.00E+00
0.00E+00
1.35E-08
2.64E-07
2.64E-06
4.17E-07
0.00E+00
0.00E+00
0.00E+00
0.00E+00
0.00E+00
7.51E-08
0.00E+00
0.00E+00
0.00E+00
0.00E+00
0.00E+00
0.00E+00
6.12E-07
5.15E-06
0.00E+00
0.00E+00
0.00E+00
0.00E+00
0.00E+00
0.00E+00
0.00E+00
0.00E+00
0.00E+00
0.00E+00
0.00E+00
0.00E+00
0.00E+00
0.00E+00
0.00E+00
0.00E+00
0.00E+00
2.64E-06
0.00E+00
0.00E+00
0.00E+00
0.00E+00
0.00E+00
0.00E+00
0.00E+00
0.00E+00
0.00E+00
0.00E+00
0.00E+00
0.00E+00
0.00E+00
0.00E+00
7.64E-06
2.84E-06
0.00E+00
0.00E+00
0.00E+00
0.00E+00
0.00E+00
0.00E+00
0.00E+00
0.00E+00
0.00E+00
0.00E+00
2.09E-07
0.00E+00
0.00E+00
1.66E-06
0.00E+00
6.61E-06
1.96E-07
5.41E-06
0.00E+00
0.00E+00
3.71E-06
0.00E+00
0.00E+00
0.00E+00
0.00E+00
1.39E-07
0.00E+00
0.00E+00
0.00E+00
0.00E+00
2.70E-07
0.00E+00
3.50E-07
0.00E+00
0.00E+00
0.00E+00
0.00E+00
0.00E+00
0.00E+00
0.00E+00
0.00E+00
1.37E-07
2.87E-06
2.08E-06
0.00E+00
0.00E+00
0.00E+00
2.63E-06
0.00E+00
0.00E+00
0.00E+00
0.00E+00
4.07E-06
0.00E+00
0.00E+00
0.00E+00
0.00E+00
0.00E+00
0.00E+00
4.27E-07
8.38E-08
0.00E+00
0.00E+00
0.00E+00
0.00E+00
0.00E+00
0.00E+00
0.00E+00
6.05E-07
0.00E+00
0.00E+00
0.00E+00
0.00E+00
0.00E+00
0.00E+00
0.00E+00
0.00E+00
0.00E+00
5.18E-07
6.81E-07
0.00E+00
0.00E+00
0.00E+00
0.00E+00
0.00E+00
0.00E+00
0.00E+00
0.00E+00
0.00E+00
0.00E+00
0.00E+00
0.00E+00
0.00E+00
1.27E-07
2.21E-06
0.00E+00
0.00E+00
0.00E+00
0.00E+00
0.00E+00
0.00E+00
0.00E+00
0.00E+00
0.00E+00
7.48E-07
5.95E-07
0.00E+00
0.00E+00
0.00E+00
0.00E+00
0.00E+00
0.00E+00
0.00E+00
0.00E+00
0.00E+00
0.00E+00
0.00E+00
0.00E+00
0.00E+00
0.00E+00
0.00E+00
0.00E+00
0.00E+00
0.00E+00
0.00E+00
0.00E+00
0.00E+00
1.82E-06
0.00E+00
0.00E+00
1.11E-06
0.00E+00
0.00E+00
0.00E+00
0.00E+00
0.00E+00
0.00E+00
0.00E+00
0.00E+00
0.00E+00
8.29E-07
3.31E-06
2.64E-06
0.00E+00
0.00E+00
0.00E+00
1.07E-06
0.00E+00
0.00E+00
3.37E-07
0.00E+00
0.00E+00
0.00E+00
0.00E+00
0.00E+00
0.00E+00
0.00E+00
0.00E+00
0.00E+00
0.00E+00
0.00E+00
0.00E+00
4.75E-07
7.17E-07
0.00E+00
0.00E+00
0.00E+00
0.00E+00
0.00E+00
0.00E+00
0.00E+00
0.00E+00
0.00E+00
0.00E+00
0.00E+00
0.00E+00
1.17E-06
0.00E+00
1.91E-06
0.00E+00
0.00E+00
0.00E+00
0.00E+00
0.00E+00
0.00E+00
0.00E+00
4.54E-08
5.07E-07
1.51E-07
0.00E+00
0.00E+00
7.34E-07
3.44E-08
0.00E+00
0.00E+00
5.50E-08
2.39E-07
0.00E+00
0.00E+00
0.00E+00
0.00E+00
2.04E-07
7.51E-07
0.00E+00
0.00E+00
0.00E+00
5.99E-07
2.32E-06
0.00E+00
0.00E+00
2.29E-08
6.24E-07
0.00E+00
0.00E+00
0.00E+00
4.68E-07
0.00E+00
0.00E+00
0.00E+00
0.00E+00
9.71E-08
2.48E-06
3.48E-06
0.00E+00
0.00E+00
0.00E+00
5.27E-08
6.36E-08
0.00E+00
0.00E+00
0.00E+00
0.00E+00
0.00E+00
0.00E+00
1.58E-08
0.00E+00
2.07E-08
0.00E+00
1.27E-06
0.00E+00
2.50E-08
0.00E+00
0.00E+00
0.00E+00
0.00E+00
0.00E+00
0.00E+00
1.55E-08
0.00E+00
0.00E+00
2.72E-08
0.00E+00
0.00E+00
0.00E+00
0.00E+00
7.51E-08
0.00E+00
0.00E+00
0.00E+00
0.00E+00
1.20E-07
0.00E+00
0.00E+00
1.68E-07
0.00E+00
0.00E+00
0.00E+00
0.00E+00
0.00E+00
0.00E+00
0.00E+00
0.00E+00
0.00E+00
0.00E+00
0.00E+00
0.00E+00
0.00E+00
0.00E+00
0.00E+00
0.00E+00
0.00E+00
0.00E+00
0.00E+00
0.00E+00
5.14E-07
7.70E-07
0.00E+00
0.00E+00
0.00E+00
4.18E-07
0.00E+00
0.00E+00
8.42E-08
0.00E+00
0.00E+00
0.00E+00
0.00E+00
0.00E+00
0.00E+00
0.00E+00
0.00E+00
0.00E+00
0.00E+00
0.00E+00
0.00E+00
0.00E+00
0.00E+00
0.00E+00
1.69E-07
0.00E+00
0.00E+00
0.00E+00
0.00E+00
0.00E+00
0.00E+00
0.00E+00
0.00E+00
0.00E+00
0.00E+00
0.00E+00
0.00E+00
0.00E+00
0.00E+00
1.55E-06
3.37E-07
0.00E+00
0.00E+00
0.00E+00
3.57E-07
0.00E+00
0.00E+00
0.00E+00
0.00E+00
0.00E+00
3.24E-06
2.62E-06
1.98E-07
4.99E-07
0.00E+00
0.00E+00
0.00E+00
0.00E+00
0.00E+00
0.00E+00
0.00E+00
0.00E+00
0.00E+00
7.26E-07
0.00E+00
0.00E+00
1.47E-07
0.00E+00
0.00E+00
0.00E+00
0.00E+00
0.00E+00
6.48E-07
0.00E+00
0.00E+00
0.00E+00
0.00E+00
0.00E+00
0.00E+00
2.19E-06
0.00E+00
0.00E+00
0.00E+00
0.00E+00
0.00E+00
3.36E-07
1.09E-06
0.00E+00
0.00E+00
2.33E-08
2.62E-07
3.45E-06
1.58E-07
0.00E+00
0.00E+00
0.00E+00
0.00E+00
0.00E+00
7.00E-07
0.00E+00
0.00E+00
0.00E+00
0.00E+00
0.00E+00
1.26E-06
2.90E-06
3.95E-06
0.00E+00
0.00E+00
0.00E+00
0.00E+00
0.00E+00
0.00E+00
0.00E+00
0.00E+00
0.00E+00
0.00E+00
0.00E+00
0.00E+00
0.00E+00
4.11E-07
0.00E+00
1.24E-06
2.74E-06
1.50E-06
3.96E-06
0.00E+00
0.00E+00
0.00E+00
0.00E+00
5.75E-07
1.03E-06
2.86E-08
3.67E-06
3.66E-06
4.11E-06
0.00E+00
0.00E+00
2.44E-07
4.83E-06
3.39E-07
1.67E-07
0.00E+00
0.00E+00
0.00E+00
0.00E+00
0.00E+00
0.00E+00
0.00E+00
0.00E+00
0.00E+00
0.00E+00
0.00E+00
4.08E-07
0.00E+00
0.00E+00
0.00E+00
0.00E+00
0.00E+00
2.72E-07
2.70E-07
0.00E+00
0.00E+00
0.00E+00
0.00E+00
0.00E+00
0.00E+00
0.00E+00
0.00E+00
0.00E+00
0.00E+00
0.00E+00
0.00E+00
0.00E+00
0.00E+00
0.00E+00
0.00E+00
0.00E+00
0.00E+00
0.00E+00
0.00E+00
1.90E-07
1.00E-07
5.27E-06
4.60E-07
0.00E+00
0.00E+00
0.00E+00
0.00E+00
0.00E+00
0.00E+00
0.00E+00
2.75E-06
2.68E-06
5.24E-07
0.00E+00
0.00E+00
0.00E+00
0.00E+00
0.00E+00
0.00E+00
0.00E+00
0.00E+00
0.00E+00
0.00E+00
0.00E+00
1.04E-06
0.00E+00
0.00E+00
0.00E+00
0.00E+00
0.00E+00
0.00E+00
0.00E+00
0.00E+00
0.00E+00
0.00E+00
0.00E+00
0.00E+00
0.00E+00
0.00E+00
0.00E+00
0.00E+00
0.00E+00
0.00E+00
0.00E+00
0.00E+00
0.00E+00
0.00E+00
0.00E+00
0.00E+00
0.00E+00
0.00E+00
6.62E-07
1.98E-06
0.00E+00
0.00E+00
5.89E-06
1.71E-06
3.56E-08
1.87E-06
1.06E-06
0.00E+00
3.44E-06
9.41E-07
0.00E+00
0.00E+00
0.00E+00
0.00E+00
0.00E+00
1.34E-06
0.00E+00
0.00E+00
0.00E+00
2.76E-06
0.00E+00
0.00E+00
0.00E+00
0.00E+00
0.00E+00
0.00E+00
0.00E+00
0.00E+00
0.00E+00
0.00E+00
0.00E+00
0.00E+00
0.00E+00
0.00E+00
0.00E+00
0.00E+00
0.00E+00
0.00E+00
0.00E+00
0.00E+00
0.00E+00
0.00E+00
0.00E+00
0.00E+00
0.00E+00
0.00E+00
0.00E+00
2.16E-07
1.72E-07
1.11E-06
0.00E+00
0.00E+00
0.00E+00
0.00E+00
0.00E+00
0.00E+00
0.00E+00
0.00E+00
0.00E+00
0.00E+00
0.00E+00
0.00E+00
0.00E+00
0.00E+00
0.00E+00
0.00E+00
0.00E+00
0.00E+00
0.00E+00
0.00E+00
0.00E+00
0.00E+00
0.00E+00
0.00E+00
0.00E+00
0.00E+00
0.00E+00
0.00E+00
0.00E+00
0.00E+00
0.00E+00
0.00E+00
0.00E+00
0.00E+00
0.00E+00
0.00E+00
6.31E-08
0.00E+00
0.00E+00
0.00E+00
0.00E+00
0.00E+00
0.00E+00
0.00E+00
4.05E-07
1.55E-06
1.16E-06
6.55E-08
0.00E+00
0.00E+00
0.00E+00
0.00E+00
0.00E+00
0.00E+00
0.00E+00
0.00E+00
0.00E+00
0.00E+00
1.74E-07
1.75E-08
