8712
5904
3096
0
0
0
10692
6876
14364
13248
7452
0
0
15768
0
0
0
0
6120
0
0
0
0
0
0
0
0
0
0
0
0
0
0
4140
13752
15372
0
0
0
0
5940
14292
0
0
3600
16092
0
0
0
0
0
0
0
0
6948
5184
0
0
7452
19440
0
0
0
0
0
0
0
0
0
0
7596
0
0
0
0
0
15480
8496
0
0
7416
0
0
0
0
0
0
11124
11664
0
0
0
3816
24840
0
0
7416
0
0
0
0
0
11016
12816
6804
0
4212
0
0
0
0
0
0
0
0
0
0
8424
3204
0
7740
11448
0
0
0
4140
13608
33264
19836
3924
10764
0
0
0
0
7236
7632
4356
3744
0
0
0
15768
0
0
0
0
0
12924
0
0
0
0
0
0
0
0
5112
7704
26532
0
0
0
0
0
0
13500
0
0
6300
3420
0
0
0
19188
0
7092
3888
0
0
0
0
0
0
0
11484
6300
9720
0
0
0
0
0
11952
7812
0
0
0
0
0
0
0
0
0
0
0
0
0
0
0
0
0
28116
0
0
0
0
0
0
0
5076
0
0
0
0
0
0
0
0
0
0
0
0
0
0
7956
0
0
0
0
0
9036
8388
0
5616
0
0
0
0
13428
16020
0
0
0
14292
12672
4248
0
0
0
0
0
0
0
0
0
0
6624
0
0
0
0
0
0
0
0
0
0
0
8100
7380
0
0
0
0
0
0
0
0
0
0
7128
0
0
0
0
0
0
0
0
0
0
0
0
0
0
0
0
0
0
0
0
0
0
0
11340
25488
9756
0
15408
0
0
0
0
0
0
0
0
0
0
0
0
0
0
6840
8568
7308
0
0
0
0
0
0
0
0
17100
10692
0
0
0
0
0
0
0
0
0
0
0
0
0
0
0
0
0
0
0
0
0
0
0
0
0
0
0
0
0
0
0
0
0
0
0
0
0
0
0
18108
0
0
0
19188
0
0
0
5580
0
0
0
0
0
0
0
0
0
0
0
0
0
0
0
0
0
0
0
22176
15516
7884
11520
0
0
0
0
0
3996
0
0
0
0
0
0
6696
10152
0
0
0
0
0
0
0
0
0
0
0
0
0
0
0
0
0
4500
0
0
0
0
0
0
0
0
0
0
0
0
0
0
10836
18972
0
0
0
0
0
0
0
0
0
0
17208
0
0
5976
0
12096
25992
8784
0
0
9648
0
0
0
0
9360
0
0
0
0
9252
0
8568
0
0
0
0
0
0
0
0
16848
3168
16236
0
0
0
9288
0
0
0
0
6120
0
0
0
0
0
0
17316
17892
0
0
0
0
0
0
0
9252
0
0
0
0
0
0
0
0
0
10224
14544
0
0
0
0
0
0
0
0
0
0
0
0
0
18108
5976
0
0
0
0
0
0
0
0
0
8424
6048
0
0
0
0
0
0
0
0
0
0
0
0
0
0
0
0
0
0
0
0
0
11448
0
0
3708
0
0
0
0
0
0
0
0
0
7596
12348
7128
0
0
0
6912
0
0
7416
0
0
0
0
0
0
0
0
0
0
0
0
12204
9900
0
0
0
0
0
0
0
0
0
0
0
0
3492
0
8532
0
0
0
0
0
0
0
11016
9468
8604
0
0
3132
8712
0
0
18180
22140
0
0
0
0
12276
19584
0
0
0
12348
7020
0
0
13104
8172
0
0
0
12384
0
0
0
0
13392
27216
20304
0
0
0
5688
4716
0
0
0
0
0
0
19008
0
14472
0
4572
0
11988
0
0
0
0
0
0
19296
0
0
11016
0
0
0
0
3996
0
0
0
0
10800
0
0
4752
0
0
0
0
0
0
0
0
0
0
0
0
0
0
0
0
0
0
0
0
5832
17136
0
0
0
10296
0
0
9504
0
0
0
0
0
0
0
0
0
0
0
0
0
0
0
13572
0
0
0
0
0
0
0
0
0
0
0
0
0
0
2772
7416
0
0
0
10080
0
0
0
0
0
13320
11160
19188
9612
0
0
0
0
0
0
0
0
0
9504
0
0
8820
0
0
0
0
0
20052
0
0
0
0
0
0
6156
0
0
0
0
0
5364
16056
0
0
12888
7632
10476
11412
0
0
0
0
0
9864
0
0
0
0
0
8892
8424
8820
0
0
0
0
0
0
0
0
0
0
0
0
0
11196
0
4680
5940
6804
10836
0
0
0
0
14076
7884
10476
25200
8748
4140
0
0
7380
27000
19476
10764
0
0
0
0
0
0
0
0
0
0
0
14220
0
0
0
0
0
5508
15192
0
0
0
0
0
0
0
0
0
0
0
0
0
0
0
0
0
0
0
0
7884
12996
12096
16092
0
0
0
0
0
0
0
15408
19800
19836
0
0
0
0
0
0
0
0
0
0
0
8784
0
0
0
0
0
0
0
0
0
0
0
0
0
0
0
0
0
0
0
0
0
0
0
0
0
0
6192
12708
0
0
6048
8604
8424
12240
8604
0
7668
6480
0
0
0
0
0
6804
0
0
0
6696
0
0
0
0
0
0
0
0
0
0
0
0
0
0
0
0
0
0
0
0
0
0
0
0
0
0
0
6012
8712
6408
0
0
0
0
0
0
0
0
0
0
0
0
0
0
0
0
0
0
0
0
0
0
0
0
0
0
0
0
0
0
0
0
0
0
0
0
12672
0
0
0
0
0
0
0
7416
7884
15408
7632
0
0
0
0
0
0
0
0
0
0
20664
17100
