9.59E+00
9.29E+00
9.20E+00
9.20E+00
9.19E+00
9.19E+00
9.19E+00
9.18E+00
9.18E+00
9.17E+00
9.17E+00
9.17E+00
9.17E+00
9.17E+00
9.17E+00
9.17E+00
9.16E+00
9.16E+00
9.16E+00
9.16E+00
9.16E+00
9.15E+00
9.15E+00
9.15E+00
9.15E+00
9.15E+00
9.15E+00
8.98E+00
8.98E+00
8.98E+00
8.96E+00
8.96E+00
8.90E+00
8.89E+00
8.76E+00
8.75E+00
8.75E+00
8.75E+00
8.75E+00
8.75E+00
8.74E+00
8.74E+00
8.74E+00
8.73E+00
8.73E+00
8.73E+00
8.73E+00
8.72E+00
8.72E+00
8.72E+00
8.72E+00
8.71E+00
8.71E+00
8.70E+00
8.36E+00
8.36E+00
8.36E+00
8.36E+00
8.36E+00
8.35E+00
8.35E+00
8.34E+00
8.34E+00
8.33E+00
8.33E+00
8.32E+00
8.32E+00
8.31E+00
8.31E+00
8.30E+00
8.27E+00
8.18E+00
8.17E+00
8.17E+00
8.03E+00
8.02E+00
8.02E+00
8.01E+00
8.01E+00
8.00E+00
8.00E+00
7.99E+00
7.98E+00
7.98E+00
7.97E+00
7.97E+00
7.96E+00
7.96E+00
7.96E+00
7.95E+00
7.95E+00
7.94E+00
7.93E+00
7.93E+00
7.02E+00
6.00E+00
6.00E+00
6.00E+00
6.00E+00
6.00E+00
6.00E+00
6.00E+00
6.00E+00
6.00E+00
6.00E+00
6.00E+00
6.00E+00
6.00E+00
6.00E+00
6.00E+00
6.00E+00
6.00E+00
6.00E+00
6.00E+00
6.00E+00
6.00E+00
6.00E+00
6.00E+00
6.00E+00
6.00E+00
6.00E+00
6.00E+00
6.00E+00
6.00E+00
6.00E+00
6.00E+00
6.00E+00
6.00E+00
6.00E+00
6.00E+00
6.00E+00
6.00E+00
6.00E+00
6.00E+00
6.00E+00
6.00E+00
6.00E+00
6.00E+00
6.00E+00
6.00E+00
6.00E+00
6.00E+00
6.00E+00
6.00E+00
6.00E+00
6.00E+00
6.00E+00
6.00E+00
6.00E+00
6.00E+00
6.00E+00
6.00E+00
6.00E+00
6.00E+00
6.00E+00
6.00E+00
6.00E+00
6.00E+00
6.00E+00
6.00E+00
6.00E+00
6.00E+00
6.00E+00
6.00E+00
6.00E+00
6.00E+00
6.00E+00
6.00E+00
6.00E+00
6.00E+00
6.00E+00
6.00E+00
6.00E+00
6.00E+00
6.00E+00
6.00E+00
6.00E+00
6.00E+00
6.00E+00
6.00E+00
6.00E+00
6.00E+00
6.00E+00
6.00E+00
6.00E+00
6.00E+00
6.00E+00
6.00E+00
6.00E+00
6.00E+00
6.00E+00
6.00E+00
6.00E+00
6.00E+00
6.00E+00
6.00E+00
6.00E+00
6.00E+00
6.00E+00
6.00E+00
6.00E+00
6.00E+00
4.30E+01
4.30E+01
4.30E+01
4.30E+01
4.30E+01
4.30E+01
4.30E+01
4.30E+01
4.30E+01
4.30E+01
4.30E+01
4.30E+01
4.30E+01
4.30E+01
4.30E+01
4.30E+01
3.87E+01
3.87E+01
3.86E+01
3.86E+01
3.86E+01
3.85E+01
3.85E+01
3.85E+01
3.84E+01
3.46E+01
3.24E+01
2.99E+01
2.98E+01
2.97E+01
2.96E+01
2.95E+01
2.94E+01
2.93E+01
2.92E+01
2.82E+01
2.71E+01
2.70E+01
2.69E+01
2.68E+01
2.68E+01
2.67E+01
2.66E+01
2.65E+01
2.65E+01
2.64E+01
2.63E+01
2.63E+01
2.62E+01
2.62E+01
2.57E+01
2.57E+01
2.56E+01
2.56E+01
2.52E+01
2.52E+01
2.51E+01
2.50E+01
2.38E+01
2.37E+01
2.36E+01
2.36E+01
3.80E+01
3.80E+01
3.80E+01
3.80E+01
3.51E+01
3.51E+01
3.51E+01
1.50E+01
1.50E+01
1.50E+01
1.50E+01
1.50E+01
1.45E+01
1.45E+01
1.50E+01
1.50E+01
1.50E+01
1.36E+01
1.36E+01
1.36E+01
1.36E+01
1.36E+01
1.34E+01
1.30E+01
1.24E+01
1.24E+01
1.24E+01
1.22E+01
1.22E+01
1.22E+01
1.22E+01
1.22E+01
1.22E+01
1.19E+01
1.18E+01
1.15E+01
1.09E+01
1.07E+01
1.07E+01
1.07E+01
1.07E+01
1.07E+01
1.07E+01
1.07E+01
1.07E+01
1.07E+01
1.07E+01
9.20E+00
9.10E+00
9.09E+00
8.35E+00
8.34E+00
8.32E+00
8.32E+00
8.32E+00
8.31E+00
8.30E+00
8.29E+00
8.28E+00
8.28E+00
8.27E+00
8.26E+00
8.11E+00
8.01E+00
8.01E+00
8.00E+00
7.99E+00
7.76E+00
7.75E+00
7.74E+00
7.74E+00
7.74E+00
7.73E+00
7.73E+00
7.72E+00
7.72E+00
7.71E+00
7.71E+00
7.70E+00
7.70E+00
7.67E+00
7.67E+00
7.67E+00
7.66E+00
7.66E+00
7.65E+00
7.59E+00
7.58E+00
7.57E+00
7.57E+00
7.57E+00
7.56E+00
7.56E+00
7.46E+00
7.31E+00
7.30E+00
7.30E+00
7.30E+00
7.30E+00
7.29E+00
7.29E+00
9.59E+00
9.29E+00
9.20E+00
9.20E+00
9.19E+00
9.19E+00
9.19E+00
9.18E+00
9.18E+00
9.17E+00
9.17E+00
9.17E+00
9.17E+00
9.17E+00
9.17E+00
9.17E+00
9.16E+00
9.16E+00
9.16E+00
9.16E+00
9.16E+00
9.15E+00
9.15E+00
9.15E+00
9.15E+00
9.15E+00
9.15E+00
8.98E+00
8.98E+00
8.98E+00
8.96E+00
8.96E+00
8.90E+00
8.89E+00
8.76E+00
8.75E+00
8.75E+00
8.75E+00
8.75E+00
8.75E+00
8.74E+00
8.74E+00
8.74E+00
8.73E+00
8.73E+00
8.73E+00
8.73E+00
8.72E+00
8.72E+00
8.72E+00
8.72E+00
8.71E+00
8.71E+00
8.70E+00
8.36E+00
8.36E+00
8.36E+00
8.36E+00
8.36E+00
8.35E+00
8.35E+00
8.34E+00
8.34E+00
8.33E+00
8.33E+00
8.32E+00
8.32E+00
8.31E+00
8.31E+00
8.30E+00
8.27E+00
8.18E+00
8.17E+00
8.17E+00
8.03E+00
8.02E+00
8.02E+00
8.01E+00
8.01E+00
8.00E+00
8.00E+00
7.99E+00
7.98E+00
7.98E+00
7.97E+00
7.97E+00
7.96E+00
7.96E+00
7.96E+00
7.95E+00
7.95E+00
7.94E+00
7.93E+00
7.93E+00
7.02E+00
6.00E+00
6.00E+00
6.00E+00
6.00E+00
6.00E+00
6.00E+00
6.00E+00
6.00E+00
6.00E+00
6.00E+00
6.00E+00
6.00E+00
6.00E+00
6.00E+00
6.00E+00
6.00E+00
6.00E+00
6.00E+00
6.00E+00
6.00E+00
6.00E+00
6.00E+00
6.00E+00
6.00E+00
6.00E+00
6.00E+00
6.00E+00
6.00E+00
6.00E+00
6.00E+00
6.00E+00
6.00E+00
6.00E+00
6.00E+00
6.00E+00
6.00E+00
6.00E+00
6.00E+00
6.00E+00
6.00E+00
6.00E+00
6.00E+00
6.00E+00
6.00E+00
6.00E+00
6.00E+00
6.00E+00
6.00E+00
6.00E+00
6.00E+00
6.00E+00
6.00E+00
6.00E+00
6.00E+00
6.00E+00
6.00E+00
6.00E+00
6.00E+00
6.00E+00
6.00E+00
6.00E+00
6.00E+00
6.00E+00
6.00E+00
6.00E+00
6.00E+00
6.00E+00
6.00E+00
6.00E+00
6.00E+00
6.00E+00
6.00E+00
6.00E+00
6.00E+00
6.00E+00
6.00E+00
6.00E+00
6.00E+00
6.00E+00
6.00E+00
6.00E+00
6.00E+00
6.00E+00
6.00E+00
6.00E+00
6.00E+00
6.00E+00
6.00E+00
6.00E+00
6.00E+00
6.00E+00
6.00E+00
6.00E+00
6.00E+00
6.00E+00
6.00E+00
6.00E+00
6.00E+00
6.00E+00
6.00E+00
6.00E+00
6.00E+00
6.00E+00
6.00E+00
6.00E+00
6.00E+00
6.00E+00
4.30E+01
4.30E+01
4.30E+01
4.30E+01
4.30E+01
4.30E+01
4.30E+01
4.30E+01
4.30E+01
4.30E+01
4.30E+01
4.30E+01
4.30E+01
4.30E+01
4.30E+01
4.30E+01
3.87E+01
3.87E+01
3.86E+01
3.86E+01
3.86E+01
3.85E+01
3.85E+01
3.85E+01
3.84E+01
3.46E+01
3.24E+01
2.99E+01
2.98E+01
2.97E+01
2.96E+01
2.95E+01
2.94E+01
2.93E+01
2.92E+01
2.82E+01
2.71E+01
2.70E+01
2.69E+01
2.68E+01
2.68E+01
2.67E+01
2.66E+01
2.65E+01
2.65E+01
2.64E+01
2.63E+01
2.63E+01
2.62E+01
2.62E+01
2.57E+01
2.57E+01
2.56E+01
2.56E+01
2.52E+01
2.52E+01
2.51E+01
2.50E+01
2.38E+01
2.37E+01
2.36E+01
2.36E+01
3.80E+01
3.80E+01
3.80E+01
3.80E+01
3.51E+01
3.51E+01
3.51E+01
1.50E+01
1.50E+01
1.50E+01
1.50E+01
1.50E+01
1.45E+01
1.45E+01
1.50E+01
1.50E+01
1.50E+01
1.36E+01
1.36E+01
1.36E+01
1.36E+01
1.36E+01
1.34E+01
1.30E+01
1.24E+01
1.24E+01
1.24E+01
1.22E+01
1.22E+01
1.22E+01
1.22E+01
1.22E+01
1.22E+01
1.19E+01
1.18E+01
1.15E+01
1.09E+01
1.07E+01
1.07E+01
1.07E+01
1.07E+01
1.07E+01
1.07E+01
1.07E+01
1.07E+01
1.07E+01
1.07E+01
9.20E+00
9.10E+00
9.09E+00
8.35E+00
8.34E+00
8.32E+00
8.32E+00
8.32E+00
8.31E+00
8.30E+00
8.29E+00
8.28E+00
8.28E+00
8.27E+00
8.26E+00
8.11E+00
8.01E+00
8.01E+00
8.00E+00
7.99E+00
7.76E+00
7.75E+00
7.74E+00
7.74E+00
7.74E+00
7.73E+00
7.73E+00
7.72E+00
7.72E+00
7.71E+00
7.71E+00
7.70E+00
7.70E+00
7.67E+00
7.67E+00
7.67E+00
7.66E+00
7.66E+00
7.65E+00
7.59E+00
7.58E+00
7.57E+00
7.57E+00
7.57E+00
7.56E+00
7.56E+00
7.46E+00
7.31E+00
7.30E+00
7.30E+00
7.30E+00
7.30E+00
7.29E+00
7.29E+00
9.59E+00
9.29E+00
9.20E+00
9.20E+00
9.19E+00
9.19E+00
9.19E+00
9.18E+00
9.18E+00
9.17E+00
9.17E+00
9.17E+00
9.17E+00
9.17E+00
9.17E+00
9.17E+00
9.16E+00
9.16E+00
9.16E+00
9.16E+00
9.16E+00
9.15E+00
9.15E+00
9.15E+00
9.15E+00
9.15E+00
9.15E+00
8.98E+00
8.98E+00
8.98E+00
8.96E+00
8.96E+00
8.90E+00
8.89E+00
8.76E+00
8.75E+00
8.75E+00
8.75E+00
8.75E+00
8.75E+00
8.74E+00
8.74E+00
8.74E+00
8.73E+00
8.73E+00
8.73E+00
8.73E+00
8.72E+00
8.72E+00
8.72E+00
8.72E+00
8.71E+00
8.71E+00
8.70E+00
8.36E+00
8.36E+00
8.36E+00
8.36E+00
8.36E+00
8.35E+00
8.35E+00
8.34E+00
8.34E+00
8.33E+00
8.33E+00
8.32E+00
8.32E+00
8.31E+00
8.31E+00
8.30E+00
8.27E+00
8.18E+00
8.17E+00
8.17E+00
8.03E+00
8.02E+00
8.02E+00
8.01E+00
8.01E+00
8.00E+00
8.00E+00
7.99E+00
7.98E+00
7.98E+00
7.97E+00
7.97E+00
7.96E+00
7.96E+00
7.96E+00
7.95E+00
7.95E+00
7.94E+00
7.93E+00
7.93E+00
7.02E+00
6.00E+00
6.00E+00
6.00E+00
6.00E+00
6.00E+00
6.00E+00
6.00E+00
6.00E+00
6.00E+00
6.00E+00
6.00E+00
6.00E+00
6.00E+00
6.00E+00
6.00E+00
6.00E+00
6.00E+00
6.00E+00
6.00E+00
6.00E+00
6.00E+00
6.00E+00
6.00E+00
6.00E+00
6.00E+00
6.00E+00
6.00E+00
6.00E+00
6.00E+00
6.00E+00
6.00E+00
6.00E+00
6.00E+00
6.00E+00
6.00E+00
6.00E+00
6.00E+00
6.00E+00
6.00E+00
6.00E+00
6.00E+00
6.00E+00
6.00E+00
6.00E+00
6.00E+00
6.00E+00
6.00E+00
6.00E+00
6.00E+00
6.00E+00
6.00E+00
6.00E+00
6.00E+00
6.00E+00
6.00E+00
6.00E+00
6.00E+00
6.00E+00
6.00E+00
6.00E+00
6.00E+00
6.00E+00
6.00E+00
6.00E+00
6.00E+00
6.00E+00
6.00E+00
6.00E+00
6.00E+00
6.00E+00
6.00E+00
6.00E+00
6.00E+00
6.00E+00
6.00E+00
6.00E+00
6.00E+00
6.00E+00
6.00E+00
6.00E+00
6.00E+00
6.00E+00
6.00E+00
6.00E+00
6.00E+00
6.00E+00
6.00E+00
6.00E+00
6.00E+00
6.00E+00
6.00E+00
6.00E+00
6.00E+00
6.00E+00
6.00E+00
6.00E+00
6.00E+00
6.00E+00
6.00E+00
6.00E+00
6.00E+00
6.00E+00
6.00E+00
6.00E+00
6.00E+00
6.00E+00
6.00E+00
4.30E+01
4.30E+01
4.30E+01
4.30E+01
4.30E+01
4.30E+01
4.30E+01
4.30E+01
4.30E+01
4.30E+01
4.30E+01
4.30E+01
4.30E+01
4.30E+01
4.30E+01
4.30E+01
3.87E+01
3.87E+01
3.86E+01
3.86E+01
3.86E+01
3.85E+01
3.85E+01
3.85E+01
3.84E+01
3.46E+01
3.24E+01
2.99E+01
2.98E+01
2.97E+01
2.96E+01
2.95E+01
2.94E+01
2.93E+01
2.92E+01
2.82E+01
2.71E+01
2.70E+01
2.69E+01
2.68E+01
2.68E+01
2.67E+01
2.66E+01
2.65E+01
2.65E+01
2.64E+01
2.63E+01
2.63E+01
2.62E+01
2.62E+01
2.57E+01
2.57E+01
2.56E+01
2.56E+01
2.52E+01
2.52E+01
2.51E+01
2.50E+01
2.38E+01
2.37E+01
2.36E+01
2.36E+01
3.80E+01
3.80E+01
3.80E+01
3.80E+01
3.51E+01
3.51E+01
3.51E+01
1.50E+01
1.50E+01
1.50E+01
1.50E+01
1.50E+01
1.45E+01
1.45E+01
1.50E+01
1.50E+01
1.50E+01
1.36E+01
1.36E+01
1.36E+01
1.36E+01
1.36E+01
1.34E+01
1.30E+01
1.24E+01
1.24E+01
1.24E+01
1.22E+01
1.22E+01
1.22E+01
1.22E+01
1.22E+01
1.22E+01
1.19E+01
1.18E+01
1.15E+01
1.09E+01
1.07E+01
1.07E+01
1.07E+01
1.07E+01
1.07E+01
1.07E+01
1.07E+01
1.07E+01
1.07E+01
1.07E+01
9.20E+00
9.10E+00
9.09E+00
8.35E+00
8.34E+00
8.32E+00
8.32E+00
8.32E+00
8.31E+00
8.30E+00
8.29E+00
8.28E+00
8.28E+00
8.27E+00
8.26E+00
8.11E+00
8.01E+00
8.01E+00
8.00E+00
7.99E+00
7.76E+00
7.75E+00
7.74E+00
7.74E+00
7.74E+00
7.73E+00
7.73E+00
7.72E+00
7.72E+00
7.71E+00
7.71E+00
7.70E+00
7.70E+00
7.67E+00
7.67E+00
7.67E+00
7.66E+00
7.66E+00
7.65E+00
7.59E+00
7.58E+00
7.57E+00
7.57E+00
7.57E+00
7.56E+00
7.56E+00
7.46E+00
7.31E+00
7.30E+00
7.30E+00
7.30E+00
7.30E+00
7.29E+00
7.29E+00
