0
0
0
0
0
0
0
0
0
0
0
0
0
0
0
0
0
0
0
0
0
0
0
0
0
0
0
0
0
0
0
0
0
0
0
5.213767885
0
0
0
0
0
0
0
0
0
0
0
0
0
0
0
0
0
0
0
0
0
0
0
0
0
0
0
0
0
0
0
0
0
0
0
0
0
0
0
0
0
0.068265596
0
0
18.758025
0
0
0
0
0
0
0.422566307
19.98753148
0
0
0
1.679923331
0
0
0
0.024448609
0
0
0
0
0
0
114.8703596
0.080557939
0
0
0
0
0
0
0
0
0
0
0
0
63.16694976
9.28557255
0
0
62.18573955
0
0
0
0
227.4698109
552.8327133
110.2369174
2.186358799
0.098701619
0
0
0
0
6.063436419
6.547781957
0.058604086
0
0
0
0
0.006395647
0
0
0
0
0
0.006713162
0
0
0
0
0
0
0
0
0
0
0
0
0
0
0
0
0
0
0
0
0.00852753
0.000226796
0
0
0
287.1890532
0
134.5527598
0
0
0
0
0
0
0
0
0
0.001315417
0
0
0
0
0
0
0
0
0
0
0
0
0
0
0
0
0
0
0
0
0
0
0
0
0
0
0
0
0
0
0
0
0
0
0
0
0
0
0
0
0
0
0
0
0
0
0
0
0.055973253
0
0
0
0
0
0
0
0
0
0
0
0
0
0
0.101151016
0
0
0
9.07184E-05
2.378999322
1.361955339
0
0
0
0
0
0
0
0
0
0
0
0
0
0
0
0
0
0
0
0
0
0
0
0
0
0
0
0
0
0
0
0
0
0
0
0
0
0
0
0
0
0
0
0
0
0
0
0
0
0
0
0
0
0
0
0
0
0
0.004309124
15.79439095
0
0
0
0
0
0
0
0
0
0
0
0
0
0
0
0
0
0
0
0
0
0
0
0
0
0
0
0
0
0
0
0
0
0
0
0
0
0
0
0
0
0
0
0
0
0
0
0
0
0
0
0
0
0
0
0
0
0
0
0
0
0
0
0
0
0
0
0
0
0
0
0
0
0
0
0
0
0
0
0
0
0
0
0
0
0
0
0
0
0
0
0
0
0
0
0
0
0
0
0
0
0
0
0
0
0
0
0
0
0
0
0
0
0
0.013653119
35.42644238
0.002404038
0
0
0
0
0
0
0
0
0
0
0
0
0
0
0
0
0
0
0
0
0
0
0
0
0
0
0
0
0
0
0
412.4399112
0
0
0
0
0
0
0
0
0
0
0
0
0
0
0
139.957626
0.053387778
43.61600058
0.018189039
0
11.58129238
5.180428873
0
0
0
0
0
0
0
0
0
0
0
0
0
0
0
0
0
0
0
0
0
0.000181437
0
0
0
0.001315417
0
0
0
0
0
0
0
0
0
0
0
0
0
0
0
0
0
0
0
0
0
0
0
0
0
0
0
0
0
0
0
0
0
0
0
0
0
0
0
0
0
0
0
0
0
0
0
0
0
0
0
0
0
0
0
0
0
0
0
0
0
0
0
0
0
0
0
0
0
0
0
0
0
0
0
0
0
0
0
0
0
0
0
0
0
0
0
0
0
0
0
0
0
0.001814368
0
0
0
0
0.004036969
0
0
0
0
0
0
0
0
0
0
0
0
0
0
0
0
0.012292343
0
0
0
0
0
0
0
0
0
0
0
0
0
0
0
0
0
0
0
0
0
0
0
0
0
0
0
0
0
0
0
0
0
0
0
0
0
0
0.007847142
0
0
0.010568694
0.044860249
0
0
0
0
0.00680388
0
0
0
0.011838751
0
0
0
0
0
20.73809016
393.3044523
0
0
0
0
0
0
0
0
0
0
0
0
0
0
0
0
0
0
0
0
0
0
0
0
0
0
0
0
0
0
0
0
0
0
0
0
0
0
0
0
0
0
0
0
0
0
0
0
0
0
0
0
0
0
0
0
0
0
0
0
0
0
0.001632931
0
0
0
0
0
0
0
0
0
0
0
0
0
0
0
0
0
0
0
0
0
0
0
0
0
0
0
0
0
0
0
0
0
0
0
0
0
0
0
0
0
0
0
0
0
0
0
0
0
1.067528772
1.905041041
0
0
0
0
0
0
0
0
0
0
0
0
0
0
0
0
0
0
0
0
0
0
0
0
0
0
0
0
0
0
0
0
0
0
0
0.000272155
0
0
0
0
0
0
0
0
0
0.000680388
0.001043262
0
0
0
0
0
0.001043262
0.910722018
0.008346093
0
0
0
0
0
0
0
0
0
0
0
0
0
0
0
0
0
0
0
0
9.07184E-05
0.015376769
0
0
5.934616291
4.466248269
0.733322186
0.000952543
0
0
0
49.51410272
0.009525432
0
0
0
0
0
0
0
0
0
0
0
0
4.53592E-05
0
0
0
0
0
0
0
0
0
0
0
0
0
0
0
0
0
0
0
0
0
0
0
0
0
0
0
0
0
0.002948348
0
0
0
0
0
0
0
0
0.000136078
3.796428962
2.187583498
0.136576551
0
0
0
0
0
0
0
0
0
0
9.07184E-05
0
0
0
0
0
0
0
0
0
0
0
0
0
0
0
0
0
0
0
0
0
0
0
0
0
0
0
0.001179339
0
0
0.005397745
0
0
0.002358678
0.00167829
0
0.001905086
0.000680388
0
0
0.000816466
0
0
0.000226796
0
0
0
0.000362874
0
0
0
0
0
0
0
0
0
0
0
0
0
0
0
0
0
0
0
0
0
0
0
0
0
0
0
0
0
0
0
0
0
0
0
0
0
0
0
0
0
0
0
0
0
0
0
0
0
0
0
0
0
0
0
0
0
0
0
0
0
0
0
0
0
0
0
0
0
0
0
0
0
0
0
0
0
0
0
0
0
0
0
0
0
0
0
0
0
0
