3.62
3.62
3.62
3.62
3.62
3.62
3.62
3.62
3.62
3.62
3.62
3.62
3.62
3.62
3.62
3.62
3.62
3.62
3.62
3.62
3.62
3.62
3.62
3.62
3.62
3.62
3.62
3.62
3.62
3.62
3.62
3.62
3.62
3.62
3.62
3.62
3.62
3.62
3.62
3.62
3.62
3.62
3.62
3.62
3.62
3.62
3.62
3.62
3.62
3.62
3.62
3.62
3.62
3.62
3.61
3.61
3.61
3.61
3.61
3.61
3.61
3.61
3.61
3.61
3.61
3.6
3.6
3.6
3.6
3.59
3.59
3.59
3.59
3.59
3.59
3.59
3.59
3.59
3.59
3.59
3.59
3.59
3.59
3.59
3.59
3.59
3.59
3.59
3.59
3.59
3.59
3.59
3.59
3.59
3.59
3.59
3.59
3.58
3.58
3.57
3.57
3.57
3.57
3.57
3.57
3.57
3.57
3.57
3.57
3.57
3.57
3.57
3.57
3.57
3.57
3.57
3.57
3.57
3.57
3.57
3.57
3.57
3.57
3.57
3.57
3.57
3.57
3.57
3.57
3.56
3.56
3.56
3.56
3.56
3.56
3.56
3.56
3.56
3.56
3.56
3.56
3.56
3.56
3.56
3.56
3.56
3.56
3.56
3.55
3.54
3.54
3.54
3.54
3.54
3.54
3.53
3.53
3.53
3.53
3.53
3.53
3.53
3.53
3.53
3.53
3.53
3.53
3.53
3.53
3.53
3.53
3.53
3.53
3.53
3.52
3.52
3.52
3.52
3.52
3.52
3.52
3.52
3.52
3.51
3.51
3.51
3.51
3.51
3.51
3.51
3.5
3.5
3.5
3.5
3.5
3.5
3.5
3.5
3.5
3.5
3.5
3.5
4.54
4.54
4.54
4.4
4.4
4.4
4.4
4.4
4.4
4.4
4.4
4.39
4.39
4.39
4.39
4.39
4.39
4.39
4.38
4.38
4.37
4.37
4.37
4.36
4.36
4.35
4.35
4.35
4.35
4.35
4.34
4.26
4.26
4.26
4.26
4.25
4.25
4.25
4.19
4.17
4.17
4.17
4.17
4.17
4.17
4.16
4.15
4.15
4.15
4.15
4.15
4.15
4.14
4.14
4.14
4.14
4.14
4.14
4.12
4.12
4.11
4.11
4.4
4.4
4.3
4.2
4.2
4.2
4.2
3.75
3.75
3.75
3.75
3.75
3.75
3.75
3.75
3.75
3.75
3.75
3.7
3.7
3.69
3.69
3.69
3.69
3.69
3.69
3.66
3.66
3.63
3.63
3.63
3.62
3.61
3.61
3.61
3.61
3.61
3.61
3.61
3.61
3.61
3.61
3.61
3.61
3.61
3.61
3.61
3.61
3.6
3.6
3.6
3.6
3.6
3.6
3.6
3.6
3.6
3.6
3.6
3.6
3.6
3.59
3.59
3.59
3.59
3.59
3.59
3.59
3.59
3.59
3.58
3.58
3.58
3.58
3.58
3.58
3.58
3.58
3.58
3.58
3.58
3.58
3.58
3.58
3.58
3.58
3.58
3.58
3.58
3.58
3.58
3.58
3.58
3.58
3.58
3.58
3.58
3.58
3.58
3.58
3.58
3.62
3.62
3.62
3.62
3.62
3.62
3.62
3.62
3.62
3.62
3.62
3.62
3.62
3.62
3.62
3.62
3.62
3.62
3.62
3.62
3.62
3.62
3.62
3.62
3.62
3.62
3.62
3.62
3.62
3.62
3.62
3.62
3.62
3.62
3.62
3.62
3.62
3.62
3.62
3.62
3.62
3.62
3.62
3.62
3.62
3.62
3.62
3.62
3.62
3.62
3.62
3.62
3.62
3.62
3.61
3.61
3.61
3.61
3.61
3.61
3.61
3.61
3.61
3.61
3.61
3.6
3.6
3.6
3.6
3.59
3.59
3.59
3.59
3.59
3.59
3.59
3.59
3.59
3.59
3.59
3.59
3.59
3.59
3.59
3.59
3.59
3.59
3.59
3.59
3.59
3.59
3.59
3.59
3.59
3.59
3.59
3.59
3.58
3.58
3.57
3.57
3.57
3.57
3.57
3.57
3.57
3.57
3.57
3.57
3.57
3.57
3.57
3.57
3.57
3.57
3.57
3.57
3.57
3.57
3.57
3.57
3.57
3.57
3.57
3.57
3.57
3.57
3.57
3.57
3.56
3.56
3.56
3.56
3.56
3.56
3.56
3.56
3.56
3.56
3.56
3.56
3.56
3.56
3.56
3.56
3.56
3.56
3.56
3.55
3.54
3.54
3.54
3.54
3.54
3.54
3.53
3.53
3.53
3.53
3.53
3.53
3.53
3.53
3.53
3.53
3.53
3.53
3.53
3.53
3.53
3.53
3.53
3.53
3.53
3.52
3.52
3.52
3.52
3.52
3.52
3.52
3.52
3.52
3.51
3.51
3.51
3.51
3.51
3.51
3.51
3.5
3.5
3.5
3.5
3.5
3.5
3.5
3.5
3.5
3.5
3.5
3.5
4.54
4.54
4.54
4.4
4.4
4.4
4.4
4.4
4.4
4.4
4.4
4.39
4.39
4.39
4.39
4.39
4.39
4.39
4.38
4.38
4.37
4.37
4.37
4.36
4.36
4.35
4.35
4.35
4.35
4.35
4.34
4.26
4.26
4.26
4.26
4.25
4.25
4.25
4.19
4.17
4.17
4.17
4.17
4.17
4.17
4.16
4.15
4.15
4.15
4.15
4.15
4.15
4.14
4.14
4.14
4.14
4.14
4.14
4.12
4.12
4.11
4.11
4.4
4.4
4.3
4.2
4.2
4.2
4.2
3.75
3.75
3.75
3.75
3.75
3.75
3.75
3.75
3.75
3.75
3.75
3.7
3.7
3.69
3.69
3.69
3.69
3.69
3.69
3.66
3.66
3.63
3.63
3.63
3.62
3.61
3.61
3.61
3.61
3.61
3.61
3.61
3.61
3.61
3.61
3.61
3.61
3.61
3.61
3.61
3.61
3.6
3.6
3.6
3.6
3.6
3.6
3.6
3.6
3.6
3.6
3.6
3.6
3.6
3.59
3.59
3.59
3.59
3.59
3.59
3.59
3.59
3.59
3.58
3.58
3.58
3.58
3.58
3.58
3.58
3.58
3.58
3.58
3.58
3.58
3.58
3.58
3.58
3.58
3.58
3.58
3.58
3.58
3.58
3.58
3.58
3.58
3.58
3.58
3.58
3.58
3.58
3.58
3.58
3.62
3.62
3.62
3.62
3.62
3.62
3.62
3.62
3.62
3.62
3.62
3.62
3.62
3.62
3.62
3.62
3.62
3.62
3.62
3.62
3.62
3.62
3.62
3.62
3.62
3.62
3.62
3.62
3.62
3.62
3.62
3.62
3.62
3.62
3.62
3.62
3.62
3.62
3.62
3.62
3.62
3.62
3.62
3.62
3.62
3.62
3.62
3.62
3.62
3.62
3.62
3.62
3.62
3.62
3.61
3.61
3.61
3.61
3.61
3.61
3.61
3.61
3.61
3.61
3.61
3.6
3.6
3.6
3.6
3.59
3.59
3.59
3.59
3.59
3.59
3.59
3.59
3.59
3.59
3.59
3.59
3.59
3.59
3.59
3.59
3.59
3.59
3.59
3.59
3.59
3.59
3.59
3.59
3.59
3.59
3.59
3.59
3.58
3.58
3.57
3.57
3.57
3.57
3.57
3.57
3.57
3.57
3.57
3.57
3.57
3.57
3.57
3.57
3.57
3.57
3.57
3.57
3.57
3.57
3.57
3.57
3.57
3.57
3.57
3.57
3.57
3.57
3.57
3.57
3.56
3.56
3.56
3.56
3.56
3.56
3.56
3.56
3.56
3.56
3.56
3.56
3.56
3.56
3.56
3.56
3.56
3.56
3.56
3.55
3.54
3.54
3.54
3.54
3.54
3.54
3.53
3.53
3.53
3.53
3.53
3.53
3.53
3.53
3.53
3.53
3.53
3.53
3.53
3.53
3.53
3.53
3.53
3.53
3.53
3.52
3.52
3.52
3.52
3.52
3.52
3.52
3.52
3.52
3.51
3.51
3.51
3.51
3.51
3.51
3.51
3.5
3.5
3.5
3.5
3.5
3.5
3.5
3.5
3.5
3.5
3.5
3.5
4.54
4.54
4.54
4.4
4.4
4.4
4.4
4.4
4.4
4.4
4.4
4.39
4.39
4.39
4.39
4.39
4.39
4.39
4.38
4.38
4.37
4.37
4.37
4.36
4.36
4.35
4.35
4.35
4.35
4.35
4.34
4.26
4.26
4.26
4.26
4.25
4.25
4.25
4.19
4.17
4.17
4.17
4.17
4.17
4.17
4.16
4.15
4.15
4.15
4.15
4.15
4.15
4.14
4.14
4.14
4.14
4.14
4.14
4.12
4.12
4.11
4.11
4.4
4.4
4.3
4.2
4.2
4.2
4.2
3.75
3.75
3.75
3.75
3.75
3.75
3.75
3.75
3.75
3.75
3.75
3.7
3.7
3.69
3.69
3.69
3.69
3.69
3.69
3.66
3.66
3.63
3.63
3.63
3.62
3.61
3.61
3.61
3.61
3.61
3.61
3.61
3.61
3.61
3.61
3.61
3.61
3.61
3.61
3.61
3.61
3.6
3.6
3.6
3.6
3.6
3.6
3.6
3.6
3.6
3.6
3.6
3.6
3.6
3.59
3.59
3.59
3.59
3.59
3.59
3.59
3.59
3.59
3.58
3.58
3.58
3.58
3.58
3.58
3.58
3.58
3.58
3.58
3.58
3.58
3.58
3.58
3.58
3.58
3.58
3.58
3.58
3.58
3.58
3.58
3.58
3.58
3.58
3.58
3.58
3.58
3.58
3.58
3.58
